"320x480","https://i0.hdslb.com/bfs/sycp/ssa/default/201809/1a2414aaca0965d5a74974083e86a11f.png","https://ccc-x.jd.com/dsp/tp?log=CHFeatc_M67X7nTMzVhu4v_Hs95TuokArLjd1ebfb8jqQZg6Tm_8Rnk0N9fcJ3M0MsWrosZuPlgsiY8xv_DYTlySpLifesIDVk2Vn3SRYwM&v=708&to=https%3A%2F%2Fpro.m.jd.com%2Fmall%2Factive%2F4VGiVLhuKtJp53fsUMFf2daTfL9v%2Findex.html%3FbabelChannel%3Dttt1&adt=25&dlid=1853_32787_null","2022-04-29","2022-04-29","6949"
"320x480","https://i0.hdslb.com/bfs/sycp/ssa/default/201809/1a2414aaca0965d5a74974083e86a11f.png","https://ccc-x.jd.com/dsp/tp?log=gL4-CxQn7MqqD-8oW-wGj57h52a5HsJ8XYNQhniEXHtshx-BL8fq0MUhdebr0Vt0HlEdovYX3jyS3CmQWZyfzL5z_iGMo4irD4zhZNmzBfI&v=708&to=https%3A%2F%2Fpro.m.jd.com%2Fmall%2Factive%2F4VGiVLhuKtJp53fsUMFf2daTfL9v%2Findex.html%3FbabelChannel%3Dttt1&adt=25&dlid=1853_32788_null","2022-04-29","2022-04-29","6952"
"320x480","https://i0.hdslb.com/bfs/sycp/ssa/default/201809/1a2414aaca0965d5a74974083e86a11f.png","https://ccc-x.jd.com/dsp/tp?log=u87joXueuH0yy9ysmEOW8csYwY1eq33sLb1DrZGkDrkJBzh2FpeDC1Ilk2A9f-LWVObbRMLqcPXIZQH5XNvxockaB2sVgX6Jv_eZ9yXZfRg&v=708&to=https%3A%2F%2Fpro.m.jd.com%2Fmall%2Factive%2F4VGiVLhuKtJp53fsUMFf2daTfL9v%2Findex.html%3FbabelChannel%3Dttt1&adt=25&dlid=1853_32789_null","2022-04-29","2022-04-29","6954"
"320x480","https://i0.hdslb.com/bfs/sycp/ssa/default/201809/1a2414aaca0965d5a74974083e86a11f.png","https://www.bilibili.com/blackboard/activity-8O8ZmS4aIi.html","2022-04-24","2022-04-24","6969"
"320x480","https://i0.hdslb.com/bfs/sycp/ssa/default/201809/1a2414aaca0965d5a74974083e86a11f.png","https://e.cn.miaozhen.com/r/k=2295643&p=89fZQ&dx=__IPDX__&rt=2&pro=s&ns=__IP__&ni=__IESID__&v=__LOC__&xa=__ADPLATFORM__&tr=__REQUESTID__&mo=__OS__&m0=__OPENUDID__&m0a=__DUID__&m1=__ANDROIDID1__&m1a=__ANDROIDID__&m2=__IMEI__&m4=__AAID__&m5=__IDFA__&m6=__MAC1__&m6a=__MAC__&m11=__OAID__&m14=__CAID__&m5a=__IDFV__&mn=__ANAME__&m5b=__IDFA1__&m11a=__OAID1__&m14a=__CAID1__&o=https://trace.rtbasia.com/tkp?rta_k=2nnDWBSuKX&utm_campaign=_rtc_fdf77ddb0a90a026&utm_source=bilibili&utm_content=BiliBili_OP&utm_medium=national&utm_term=CPT&device=Mobile&adtype=7&crtype=2&playmode=1&idfa=__IDFAMD5__&oaid=__OAIDMD5__&custid1=__REQUESTID__&os=__OS__&ua=__UA__&ts=__TS__&clientip=__IP__&forward=https%3A%2F%2Fwww.tiffany.cn%2Fengagement%2F%3Fomcid%3Ddis-cn_bilibili_op_2022le%26utm_medium%3Ddisplay-cn%26utm_source%3Dbilibili_op%26utm_campaign%3D2022le&sg=086babb8fda6ce2e427060801958a3e3&ord=1650528739466","2022-04-22","2022-04-22","6972"
"320x480","https://i0.hdslb.com/bfs/sycp/creative_img/202204/0c1b72bb89dff18052e7c0fb49b24590.jpg","https://lululemon.m.tmall.com/","2022-04-25","2022-04-25","6973"
"320x480","https://i0.hdslb.com/bfs/sycp/ssa/default/201809/1a2414aaca0965d5a74974083e86a11f.png","https://www.bilibili.com/bangumi/play/ep480194","2022-04-22","2022-04-22","6980"
"320x480","https://i0.hdslb.com/bfs/sycp/ssa/default/201809/1a2414aaca0965d5a74974083e86a11f.png","https://www.bilibili.com/blackboard/manga/activity-2Wr5wb3ysY.html?from=bilibili_zyw_sp","2022-04-23","2022-04-23","6981"
"320x480","https://i0.hdslb.com/bfs/sycp/ssa/default/201809/1a2414aaca0965d5a74974083e86a11f.png","https://www.bilibili.com/bangumi/play/ss35209","2022-04-24","2022-04-24","6984"
"320x480","https://i0.hdslb.com/bfs/sycp/creative_img/202204/2288f2d653fe63784217c954e9942a82.jpg","https://www.bilibili.com/blackboard/activity-qwqr8h9X5.html?navhide=1?msource=shanping","2022-04-22","2022-04-22","6995"
"320x480","https://i0.hdslb.com/bfs/sycp/creative_img/202204/58444c54f2d70ec67f2eedafe1f71de1.jpg","https://www.biligame.com/detail/?id=105233&msource=1&source=trackadf_67fff63a8dfc4798bbf8e15932cc7a46&gameID=4616","2022-04-22","2022-04-22","6996"
"320x480","https://i0.hdslb.com/bfs/sycp/ssa/default/201809/1a2414aaca0965d5a74974083e86a11f.png","https://www.bilibili.com/bangumi/play/ss39433","2022-04-24","2022-04-24","6997"
"320x480","https://i0.hdslb.com/bfs/sycp/ssa/default/201809/1a2414aaca0965d5a74974083e86a11f.png","https://www.bilibili.com/bangumi/play/ss39433","2022-04-26","2022-04-26","6998"
"320x480","https://i0.hdslb.com/bfs/sycp/ssa/default/201809/1a2414aaca0965d5a74974083e86a11f.png","https://www.bilibili.com/bangumi/play/ss39180","2022-04-25","2022-04-25","6999"
"320x480","https://i0.hdslb.com/bfs/sycp/ssa/default/201809/1a2414aaca0965d5a74974083e86a11f.png","https://3.cn/106Nrfk-n","2022-04-22","2022-04-22","220"
"320x480","https://i0.hdslb.com/bfs/sycp/creative_img/202204/a63357cc4ba0594740e1b75faf832295.jpg","https://app.biligame.com/page/detail_share.html?id=105233","2022-04-22","2022-04-22","7007"
"320x480","https://i0.hdslb.com/bfs/sycp/creative_img/202204/496246bfa52d5cec3f4e36833856dd6d.png","https://www.bilibili.com/bangumi/play/ep479066","2022-04-23","2022-04-23","7081"
"375x647","https://i0.hdslb.com/bfs/sycp/ssa/default/201809/1a2414aaca0965d5a74974083e86a11f.png","https://ccc-x.jd.com/dsp/tp?log=CHFeatc_M67X7nTMzVhu4v_Hs95TuokArLjd1ebfb8jqQZg6Tm_8Rnk0N9fcJ3M0MsWrosZuPlgsiY8xv_DYTlySpLifesIDVk2Vn3SRYwM&v=708&to=https%3A%2F%2Fpro.m.jd.com%2Fmall%2Factive%2F4VGiVLhuKtJp53fsUMFf2daTfL9v%2Findex.html%3FbabelChannel%3Dttt1&adt=25&dlid=1853_32787_null","2022-04-29","2022-04-29","6949"
"375x647","https://i0.hdslb.com/bfs/sycp/ssa/default/201809/1a2414aaca0965d5a74974083e86a11f.png","https://ccc-x.jd.com/dsp/tp?log=gL4-CxQn7MqqD-8oW-wGj57h52a5HsJ8XYNQhniEXHtshx-BL8fq0MUhdebr0Vt0HlEdovYX3jyS3CmQWZyfzL5z_iGMo4irD4zhZNmzBfI&v=708&to=https%3A%2F%2Fpro.m.jd.com%2Fmall%2Factive%2F4VGiVLhuKtJp53fsUMFf2daTfL9v%2Findex.html%3FbabelChannel%3Dttt1&adt=25&dlid=1853_32788_null","2022-04-29","2022-04-29","6952"
"375x647","https://i0.hdslb.com/bfs/sycp/ssa/default/201809/1a2414aaca0965d5a74974083e86a11f.png","https://ccc-x.jd.com/dsp/tp?log=u87joXueuH0yy9ysmEOW8csYwY1eq33sLb1DrZGkDrkJBzh2FpeDC1Ilk2A9f-LWVObbRMLqcPXIZQH5XNvxockaB2sVgX6Jv_eZ9yXZfRg&v=708&to=https%3A%2F%2Fpro.m.jd.com%2Fmall%2Factive%2F4VGiVLhuKtJp53fsUMFf2daTfL9v%2Findex.html%3FbabelChannel%3Dttt1&adt=25&dlid=1853_32789_null","2022-04-29","2022-04-29","6954"
"375x647","https://i0.hdslb.com/bfs/sycp/ssa/default/201809/1a2414aaca0965d5a74974083e86a11f.png","https://www.bilibili.com/blackboard/activity-8O8ZmS4aIi.html","2022-04-24","2022-04-24","6969"
"375x647","https://i0.hdslb.com/bfs/sycp/ssa/default/201809/1a2414aaca0965d5a74974083e86a11f.png","https://e.cn.miaozhen.com/r/k=2295643&p=89fZQ&dx=__IPDX__&rt=2&pro=s&ns=__IP__&ni=__IESID__&v=__LOC__&xa=__ADPLATFORM__&tr=__REQUESTID__&mo=__OS__&m0=__OPENUDID__&m0a=__DUID__&m1=__ANDROIDID1__&m1a=__ANDROIDID__&m2=__IMEI__&m4=__AAID__&m5=__IDFA__&m6=__MAC1__&m6a=__MAC__&m11=__OAID__&m14=__CAID__&m5a=__IDFV__&mn=__ANAME__&m5b=__IDFA1__&m11a=__OAID1__&m14a=__CAID1__&o=https://trace.rtbasia.com/tkp?rta_k=2nnDWBSuKX&utm_campaign=_rtc_fdf77ddb0a90a026&utm_source=bilibili&utm_content=BiliBili_OP&utm_medium=national&utm_term=CPT&device=Mobile&adtype=7&crtype=2&playmode=1&idfa=__IDFAMD5__&oaid=__OAIDMD5__&custid1=__REQUESTID__&os=__OS__&ua=__UA__&ts=__TS__&clientip=__IP__&forward=https%3A%2F%2Fwww.tiffany.cn%2Fengagement%2F%3Fomcid%3Ddis-cn_bilibili_op_2022le%26utm_medium%3Ddisplay-cn%26utm_source%3Dbilibili_op%26utm_campaign%3D2022le&sg=086babb8fda6ce2e427060801958a3e3&ord=1650528739466","2022-04-22","2022-04-22","6972"
"375x647","https://i0.hdslb.com/bfs/sycp/creative_img/202204/d9cdbf160d0764e3ec83e02d5a7432d0.jpg","https://lululemon.m.tmall.com/","2022-04-25","2022-04-25","6973"
"375x647","https://i0.hdslb.com/bfs/sycp/ssa/default/201809/1a2414aaca0965d5a74974083e86a11f.png","https://www.bilibili.com/bangumi/play/ep480194","2022-04-22","2022-04-22","6980"
"375x647","https://i0.hdslb.com/bfs/sycp/ssa/default/201809/1a2414aaca0965d5a74974083e86a11f.png","https://www.bilibili.com/blackboard/manga/activity-2Wr5wb3ysY.html?from=bilibili_zyw_sp","2022-04-23","2022-04-23","6981"
"375x647","https://i0.hdslb.com/bfs/sycp/ssa/default/201809/1a2414aaca0965d5a74974083e86a11f.png","https://www.bilibili.com/bangumi/play/ss35209","2022-04-24","2022-04-24","6984"
"375x647","https://i0.hdslb.com/bfs/sycp/creative_img/202204/d5b62b0c6adb72f789d382a8d0b5d062.jpg","https://www.bilibili.com/blackboard/activity-qwqr8h9X5.html?navhide=1?msource=shanping","2022-04-22","2022-04-22","6995"
"375x647","https://i0.hdslb.com/bfs/sycp/creative_img/202204/8ef2126d43a6df57f24a000f8e65852f.jpg","https://www.biligame.com/detail/?id=105233&msource=1&source=trackadf_67fff63a8dfc4798bbf8e15932cc7a46&gameID=4616","2022-04-22","2022-04-22","6996"
"375x647","https://i0.hdslb.com/bfs/sycp/ssa/default/201809/1a2414aaca0965d5a74974083e86a11f.png","https://www.bilibili.com/bangumi/play/ss39433","2022-04-24","2022-04-24","6997"
"375x647","https://i0.hdslb.com/bfs/sycp/ssa/default/201809/1a2414aaca0965d5a74974083e86a11f.png","https://www.bilibili.com/bangumi/play/ss39433","2022-04-26","2022-04-26","6998"
"375x647","https://i0.hdslb.com/bfs/sycp/ssa/default/201809/1a2414aaca0965d5a74974083e86a11f.png","https://www.bilibili.com/bangumi/play/ss39180","2022-04-25","2022-04-25","6999"
"375x647","https://i0.hdslb.com/bfs/sycp/ssa/default/201809/1a2414aaca0965d5a74974083e86a11f.png","https://3.cn/106Nrfk-n","2022-04-22","2022-04-22","220"
"375x647","https://i0.hdslb.com/bfs/sycp/creative_img/202204/8f532fee687232af076c10769cee9e94.jpg","https://app.biligame.com/page/detail_share.html?id=105233","2022-04-22","2022-04-22","7007"
"375x647","https://i0.hdslb.com/bfs/sycp/creative_img/202204/08cb9cec81819e4264230b422e58e3bf.png","https://www.bilibili.com/bangumi/play/ep479066","2022-04-23","2022-04-23","7081"
"480x640","https://i0.hdslb.com/bfs/sycp/ssa/default/201809/1a2414aaca0965d5a74974083e86a11f.png","https://ccc-x.jd.com/dsp/tp?log=CHFeatc_M67X7nTMzVhu4v_Hs95TuokArLjd1ebfb8jqQZg6Tm_8Rnk0N9fcJ3M0MsWrosZuPlgsiY8xv_DYTlySpLifesIDVk2Vn3SRYwM&v=708&to=https%3A%2F%2Fpro.m.jd.com%2Fmall%2Factive%2F4VGiVLhuKtJp53fsUMFf2daTfL9v%2Findex.html%3FbabelChannel%3Dttt1&adt=25&dlid=1853_32787_null","2022-04-29","2022-04-29","6949"
"480x640","https://i0.hdslb.com/bfs/sycp/ssa/default/201809/1a2414aaca0965d5a74974083e86a11f.png","https://ccc-x.jd.com/dsp/tp?log=gL4-CxQn7MqqD-8oW-wGj57h52a5HsJ8XYNQhniEXHtshx-BL8fq0MUhdebr0Vt0HlEdovYX3jyS3CmQWZyfzL5z_iGMo4irD4zhZNmzBfI&v=708&to=https%3A%2F%2Fpro.m.jd.com%2Fmall%2Factive%2F4VGiVLhuKtJp53fsUMFf2daTfL9v%2Findex.html%3FbabelChannel%3Dttt1&adt=25&dlid=1853_32788_null","2022-04-29","2022-04-29","6952"
"480x640","https://i0.hdslb.com/bfs/sycp/ssa/default/201809/1a2414aaca0965d5a74974083e86a11f.png","https://ccc-x.jd.com/dsp/tp?log=u87joXueuH0yy9ysmEOW8csYwY1eq33sLb1DrZGkDrkJBzh2FpeDC1Ilk2A9f-LWVObbRMLqcPXIZQH5XNvxockaB2sVgX6Jv_eZ9yXZfRg&v=708&to=https%3A%2F%2Fpro.m.jd.com%2Fmall%2Factive%2F4VGiVLhuKtJp53fsUMFf2daTfL9v%2Findex.html%3FbabelChannel%3Dttt1&adt=25&dlid=1853_32789_null","2022-04-29","2022-04-29","6954"
"480x640","https://i0.hdslb.com/bfs/sycp/ssa/default/201809/1a2414aaca0965d5a74974083e86a11f.png","https://www.bilibili.com/blackboard/activity-8O8ZmS4aIi.html","2022-04-24","2022-04-24","6969"
"480x640","https://i0.hdslb.com/bfs/sycp/ssa/default/201809/1a2414aaca0965d5a74974083e86a11f.png","https://e.cn.miaozhen.com/r/k=2295643&p=89fZQ&dx=__IPDX__&rt=2&pro=s&ns=__IP__&ni=__IESID__&v=__LOC__&xa=__ADPLATFORM__&tr=__REQUESTID__&mo=__OS__&m0=__OPENUDID__&m0a=__DUID__&m1=__ANDROIDID1__&m1a=__ANDROIDID__&m2=__IMEI__&m4=__AAID__&m5=__IDFA__&m6=__MAC1__&m6a=__MAC__&m11=__OAID__&m14=__CAID__&m5a=__IDFV__&mn=__ANAME__&m5b=__IDFA1__&m11a=__OAID1__&m14a=__CAID1__&o=https://trace.rtbasia.com/tkp?rta_k=2nnDWBSuKX&utm_campaign=_rtc_fdf77ddb0a90a026&utm_source=bilibili&utm_content=BiliBili_OP&utm_medium=national&utm_term=CPT&device=Mobile&adtype=7&crtype=2&playmode=1&idfa=__IDFAMD5__&oaid=__OAIDMD5__&custid1=__REQUESTID__&os=__OS__&ua=__UA__&ts=__TS__&clientip=__IP__&forward=https%3A%2F%2Fwww.tiffany.cn%2Fengagement%2F%3Fomcid%3Ddis-cn_bilibili_op_2022le%26utm_medium%3Ddisplay-cn%26utm_source%3Dbilibili_op%26utm_campaign%3D2022le&sg=086babb8fda6ce2e427060801958a3e3&ord=1650528739466","2022-04-22","2022-04-22","6972"
"480x640","https://i0.hdslb.com/bfs/sycp/creative_img/202204/6d42da17b313153b7216f3b824249fad.jpg","https://lululemon.m.tmall.com/","2022-04-25","2022-04-25","6973"
"480x640","https://i0.hdslb.com/bfs/sycp/ssa/default/201809/1a2414aaca0965d5a74974083e86a11f.png","https://www.bilibili.com/bangumi/play/ep480194","2022-04-22","2022-04-22","6980"
"480x640","https://i0.hdslb.com/bfs/sycp/ssa/default/201809/1a2414aaca0965d5a74974083e86a11f.png","https://www.bilibili.com/blackboard/manga/activity-2Wr5wb3ysY.html?from=bilibili_zyw_sp","2022-04-23","2022-04-23","6981"
"480x640","https://i0.hdslb.com/bfs/sycp/ssa/default/201809/1a2414aaca0965d5a74974083e86a11f.png","https://www.bilibili.com/bangumi/play/ss35209","2022-04-24","2022-04-24","6984"
"480x640","https://i0.hdslb.com/bfs/sycp/creative_img/202204/ae1abfabaa7f2ca8ea1a2a117b4c5719.jpg","https://www.bilibili.com/blackboard/activity-qwqr8h9X5.html?navhide=1?msource=shanping","2022-04-22","2022-04-22","6995"
"480x640","https://i0.hdslb.com/bfs/sycp/creative_img/202204/c29c456e7ed89f5cee374faa5e441e3e.jpg","https://www.biligame.com/detail/?id=105233&msource=1&source=trackadf_67fff63a8dfc4798bbf8e15932cc7a46&gameID=4616","2022-04-22","2022-04-22","6996"
"480x640","https://i0.hdslb.com/bfs/sycp/ssa/default/201809/1a2414aaca0965d5a74974083e86a11f.png","https://www.bilibili.com/bangumi/play/ss39433","2022-04-24","2022-04-24","6997"
"480x640","https://i0.hdslb.com/bfs/sycp/ssa/default/201809/1a2414aaca0965d5a74974083e86a11f.png","https://www.bilibili.com/bangumi/play/ss39433","2022-04-26","2022-04-26","6998"
"480x640","https://i0.hdslb.com/bfs/sycp/ssa/default/201809/1a2414aaca0965d5a74974083e86a11f.png","https://www.bilibili.com/bangumi/play/ss39180","2022-04-25","2022-04-25","6999"
"480x640","https://i0.hdslb.com/bfs/sycp/ssa/default/201809/1a2414aaca0965d5a74974083e86a11f.png","https://3.cn/106Nrfk-n","2022-04-22","2022-04-22","220"
"480x640","https://i0.hdslb.com/bfs/sycp/creative_img/202204/252d5a000bbb1c3aaf7887792949df84.jpg","https://app.biligame.com/page/detail_share.html?id=105233","2022-04-22","2022-04-22","7007"
"480x640","https://i0.hdslb.com/bfs/sycp/creative_img/202204/2d61daceb40459785bad3a80be5c0153.png","https://www.bilibili.com/bangumi/play/ep479066","2022-04-23","2022-04-23","7081"
"480x728","https://i0.hdslb.com/bfs/sycp/ssa/default/201809/1a2414aaca0965d5a74974083e86a11f.png","https://ccc-x.jd.com/dsp/tp?log=CHFeatc_M67X7nTMzVhu4v_Hs95TuokArLjd1ebfb8jqQZg6Tm_8Rnk0N9fcJ3M0MsWrosZuPlgsiY8xv_DYTlySpLifesIDVk2Vn3SRYwM&v=708&to=https%3A%2F%2Fpro.m.jd.com%2Fmall%2Factive%2F4VGiVLhuKtJp53fsUMFf2daTfL9v%2Findex.html%3FbabelChannel%3Dttt1&adt=25&dlid=1853_32787_null","2022-04-29","2022-04-29","6949"
"480x728","https://i0.hdslb.com/bfs/sycp/ssa/default/201809/1a2414aaca0965d5a74974083e86a11f.png","https://ccc-x.jd.com/dsp/tp?log=gL4-CxQn7MqqD-8oW-wGj57h52a5HsJ8XYNQhniEXHtshx-BL8fq0MUhdebr0Vt0HlEdovYX3jyS3CmQWZyfzL5z_iGMo4irD4zhZNmzBfI&v=708&to=https%3A%2F%2Fpro.m.jd.com%2Fmall%2Factive%2F4VGiVLhuKtJp53fsUMFf2daTfL9v%2Findex.html%3FbabelChannel%3Dttt1&adt=25&dlid=1853_32788_null","2022-04-29","2022-04-29","6952"
"480x728","https://i0.hdslb.com/bfs/sycp/ssa/default/201809/1a2414aaca0965d5a74974083e86a11f.png","https://ccc-x.jd.com/dsp/tp?log=u87joXueuH0yy9ysmEOW8csYwY1eq33sLb1DrZGkDrkJBzh2FpeDC1Ilk2A9f-LWVObbRMLqcPXIZQH5XNvxockaB2sVgX6Jv_eZ9yXZfRg&v=708&to=https%3A%2F%2Fpro.m.jd.com%2Fmall%2Factive%2F4VGiVLhuKtJp53fsUMFf2daTfL9v%2Findex.html%3FbabelChannel%3Dttt1&adt=25&dlid=1853_32789_null","2022-04-29","2022-04-29","6954"
"480x728","https://i0.hdslb.com/bfs/sycp/ssa/default/201809/1a2414aaca0965d5a74974083e86a11f.png","https://www.bilibili.com/blackboard/activity-8O8ZmS4aIi.html","2022-04-24","2022-04-24","6969"
"480x728","https://i0.hdslb.com/bfs/sycp/ssa/default/201809/1a2414aaca0965d5a74974083e86a11f.png","https://e.cn.miaozhen.com/r/k=2295643&p=89fZQ&dx=__IPDX__&rt=2&pro=s&ns=__IP__&ni=__IESID__&v=__LOC__&xa=__ADPLATFORM__&tr=__REQUESTID__&mo=__OS__&m0=__OPENUDID__&m0a=__DUID__&m1=__ANDROIDID1__&m1a=__ANDROIDID__&m2=__IMEI__&m4=__AAID__&m5=__IDFA__&m6=__MAC1__&m6a=__MAC__&m11=__OAID__&m14=__CAID__&m5a=__IDFV__&mn=__ANAME__&m5b=__IDFA1__&m11a=__OAID1__&m14a=__CAID1__&o=https://trace.rtbasia.com/tkp?rta_k=2nnDWBSuKX&utm_campaign=_rtc_fdf77ddb0a90a026&utm_source=bilibili&utm_content=BiliBili_OP&utm_medium=national&utm_term=CPT&device=Mobile&adtype=7&crtype=2&playmode=1&idfa=__IDFAMD5__&oaid=__OAIDMD5__&custid1=__REQUESTID__&os=__OS__&ua=__UA__&ts=__TS__&clientip=__IP__&forward=https%3A%2F%2Fwww.tiffany.cn%2Fengagement%2F%3Fomcid%3Ddis-cn_bilibili_op_2022le%26utm_medium%3Ddisplay-cn%26utm_source%3Dbilibili_op%26utm_campaign%3D2022le&sg=086babb8fda6ce2e427060801958a3e3&ord=1650528739466","2022-04-22","2022-04-22","6972"
"480x728","https://i0.hdslb.com/bfs/sycp/creative_img/202204/dd09344f20ea01c0ea4a86af633807eb.jpg","https://lululemon.m.tmall.com/","2022-04-25","2022-04-25","6973"
"480x728","https://i0.hdslb.com/bfs/sycp/ssa/default/201809/1a2414aaca0965d5a74974083e86a11f.png","https://www.bilibili.com/bangumi/play/ep480194","2022-04-22","2022-04-22","6980"
"480x728","https://i0.hdslb.com/bfs/sycp/ssa/default/201809/1a2414aaca0965d5a74974083e86a11f.png","https://www.bilibili.com/blackboard/manga/activity-2Wr5wb3ysY.html?from=bilibili_zyw_sp","2022-04-23","2022-04-23","6981"
"480x728","https://i0.hdslb.com/bfs/sycp/ssa/default/201809/1a2414aaca0965d5a74974083e86a11f.png","https://www.bilibili.com/bangumi/play/ss35209","2022-04-24","2022-04-24","6984"
"480x728","https://i0.hdslb.com/bfs/sycp/creative_img/202204/49b5e35e0993fc290443328a9a3c1a57.jpg","https://www.bilibili.com/blackboard/activity-qwqr8h9X5.html?navhide=1?msource=shanping","2022-04-22","2022-04-22","6995"
"480x728","https://i0.hdslb.com/bfs/sycp/creative_img/202204/922eecffe5d757a55238cd3b9e6a4a1d.jpg","https://www.biligame.com/detail/?id=105233&msource=1&source=trackadf_67fff63a8dfc4798bbf8e15932cc7a46&gameID=4616","2022-04-22","2022-04-22","6996"
"480x728","https://i0.hdslb.com/bfs/sycp/ssa/default/201809/1a2414aaca0965d5a74974083e86a11f.png","https://www.bilibili.com/bangumi/play/ss39433","2022-04-24","2022-04-24","6997"
"480x728","https://i0.hdslb.com/bfs/sycp/ssa/default/201809/1a2414aaca0965d5a74974083e86a11f.png","https://www.bilibili.com/bangumi/play/ss39433","2022-04-26","2022-04-26","6998"
"480x728","https://i0.hdslb.com/bfs/sycp/ssa/default/201809/1a2414aaca0965d5a74974083e86a11f.png","https://www.bilibili.com/bangumi/play/ss39180","2022-04-25","2022-04-25","6999"
"480x728","https://i0.hdslb.com/bfs/sycp/ssa/default/201809/1a2414aaca0965d5a74974083e86a11f.png","https://3.cn/106Nrfk-n","2022-04-22","2022-04-22","220"
"480x728","https://i0.hdslb.com/bfs/sycp/creative_img/202204/4c5f55c9a973139c50e7a4ee4257a56f.jpg","https://app.biligame.com/page/detail_share.html?id=105233","2022-04-22","2022-04-22","7007"
"480x728","https://i0.hdslb.com/bfs/sycp/creative_img/202204/50c89200d601d25d7943c8ed70a8abcf.png","https://www.bilibili.com/bangumi/play/ep479066","2022-04-23","2022-04-23","7081"
"480x800","https://i0.hdslb.com/bfs/sycp/ssa/default/201809/1a2414aaca0965d5a74974083e86a11f.png","https://ccc-x.jd.com/dsp/tp?log=CHFeatc_M67X7nTMzVhu4v_Hs95TuokArLjd1ebfb8jqQZg6Tm_8Rnk0N9fcJ3M0MsWrosZuPlgsiY8xv_DYTlySpLifesIDVk2Vn3SRYwM&v=708&to=https%3A%2F%2Fpro.m.jd.com%2Fmall%2Factive%2F4VGiVLhuKtJp53fsUMFf2daTfL9v%2Findex.html%3FbabelChannel%3Dttt1&adt=25&dlid=1853_32787_null","2022-04-29","2022-04-29","6949"
"480x800","https://i0.hdslb.com/bfs/sycp/ssa/default/201809/1a2414aaca0965d5a74974083e86a11f.png","https://ccc-x.jd.com/dsp/tp?log=gL4-CxQn7MqqD-8oW-wGj57h52a5HsJ8XYNQhniEXHtshx-BL8fq0MUhdebr0Vt0HlEdovYX3jyS3CmQWZyfzL5z_iGMo4irD4zhZNmzBfI&v=708&to=https%3A%2F%2Fpro.m.jd.com%2Fmall%2Factive%2F4VGiVLhuKtJp53fsUMFf2daTfL9v%2Findex.html%3FbabelChannel%3Dttt1&adt=25&dlid=1853_32788_null","2022-04-29","2022-04-29","6952"
"480x800","https://i0.hdslb.com/bfs/sycp/ssa/default/201809/1a2414aaca0965d5a74974083e86a11f.png","https://ccc-x.jd.com/dsp/tp?log=u87joXueuH0yy9ysmEOW8csYwY1eq33sLb1DrZGkDrkJBzh2FpeDC1Ilk2A9f-LWVObbRMLqcPXIZQH5XNvxockaB2sVgX6Jv_eZ9yXZfRg&v=708&to=https%3A%2F%2Fpro.m.jd.com%2Fmall%2Factive%2F4VGiVLhuKtJp53fsUMFf2daTfL9v%2Findex.html%3FbabelChannel%3Dttt1&adt=25&dlid=1853_32789_null","2022-04-29","2022-04-29","6954"
"480x800","https://i0.hdslb.com/bfs/sycp/ssa/default/201809/1a2414aaca0965d5a74974083e86a11f.png","https://www.bilibili.com/blackboard/activity-8O8ZmS4aIi.html","2022-04-24","2022-04-24","6969"
"480x800","https://i0.hdslb.com/bfs/sycp/ssa/default/201809/1a2414aaca0965d5a74974083e86a11f.png","https://e.cn.miaozhen.com/r/k=2295643&p=89fZQ&dx=__IPDX__&rt=2&pro=s&ns=__IP__&ni=__IESID__&v=__LOC__&xa=__ADPLATFORM__&tr=__REQUESTID__&mo=__OS__&m0=__OPENUDID__&m0a=__DUID__&m1=__ANDROIDID1__&m1a=__ANDROIDID__&m2=__IMEI__&m4=__AAID__&m5=__IDFA__&m6=__MAC1__&m6a=__MAC__&m11=__OAID__&m14=__CAID__&m5a=__IDFV__&mn=__ANAME__&m5b=__IDFA1__&m11a=__OAID1__&m14a=__CAID1__&o=https://trace.rtbasia.com/tkp?rta_k=2nnDWBSuKX&utm_campaign=_rtc_fdf77ddb0a90a026&utm_source=bilibili&utm_content=BiliBili_OP&utm_medium=national&utm_term=CPT&device=Mobile&adtype=7&crtype=2&playmode=1&idfa=__IDFAMD5__&oaid=__OAIDMD5__&custid1=__REQUESTID__&os=__OS__&ua=__UA__&ts=__TS__&clientip=__IP__&forward=https%3A%2F%2Fwww.tiffany.cn%2Fengagement%2F%3Fomcid%3Ddis-cn_bilibili_op_2022le%26utm_medium%3Ddisplay-cn%26utm_source%3Dbilibili_op%26utm_campaign%3D2022le&sg=086babb8fda6ce2e427060801958a3e3&ord=1650528739466","2022-04-22","2022-04-22","6972"
"480x800","https://i0.hdslb.com/bfs/sycp/creative_img/202204/9ccde8ecab0a05aeb2d94cb6bb951f9c.jpg","https://lululemon.m.tmall.com/","2022-04-25","2022-04-25","6973"
"480x800","https://i0.hdslb.com/bfs/sycp/ssa/default/201809/1a2414aaca0965d5a74974083e86a11f.png","https://www.bilibili.com/bangumi/play/ep480194","2022-04-22","2022-04-22","6980"
"480x800","https://i0.hdslb.com/bfs/sycp/ssa/default/201809/1a2414aaca0965d5a74974083e86a11f.png","https://www.bilibili.com/blackboard/manga/activity-2Wr5wb3ysY.html?from=bilibili_zyw_sp","2022-04-23","2022-04-23","6981"
"480x800","https://i0.hdslb.com/bfs/sycp/ssa/default/201809/1a2414aaca0965d5a74974083e86a11f.png","https://www.bilibili.com/bangumi/play/ss35209","2022-04-24","2022-04-24","6984"
"480x800","https://i0.hdslb.com/bfs/sycp/creative_img/202204/d8c6d07e5341bca525f8641e8f8838f7.jpg","https://www.bilibili.com/blackboard/activity-qwqr8h9X5.html?navhide=1?msource=shanping","2022-04-22","2022-04-22","6995"
"480x800","https://i0.hdslb.com/bfs/sycp/creative_img/202204/07244e7cd01b681a7d6361183202381a.jpg","https://www.biligame.com/detail/?id=105233&msource=1&source=trackadf_67fff63a8dfc4798bbf8e15932cc7a46&gameID=4616","2022-04-22","2022-04-22","6996"
"480x800","https://i0.hdslb.com/bfs/sycp/ssa/default/201809/1a2414aaca0965d5a74974083e86a11f.png","https://www.bilibili.com/bangumi/play/ss39433","2022-04-24","2022-04-24","6997"
"480x800","https://i0.hdslb.com/bfs/sycp/ssa/default/201809/1a2414aaca0965d5a74974083e86a11f.png","https://www.bilibili.com/bangumi/play/ss39433","2022-04-26","2022-04-26","6998"
"480x800","https://i0.hdslb.com/bfs/sycp/ssa/default/201809/1a2414aaca0965d5a74974083e86a11f.png","https://www.bilibili.com/bangumi/play/ss39180","2022-04-25","2022-04-25","6999"
"480x800","https://i0.hdslb.com/bfs/sycp/ssa/default/201809/1a2414aaca0965d5a74974083e86a11f.png","https://3.cn/106Nrfk-n","2022-04-22","2022-04-22","220"
"480x800","https://i0.hdslb.com/bfs/sycp/creative_img/202204/09ece4fb9a09e58e46063158f89d4741.jpg","https://app.biligame.com/page/detail_share.html?id=105233","2022-04-22","2022-04-22","7007"
"480x800","https://i0.hdslb.com/bfs/sycp/creative_img/202204/7815b70f28f21b01bc3c96f6bc3c7068.png","https://www.bilibili.com/bangumi/play/ep479066","2022-04-23","2022-04-23","7081"
"480x854","https://i0.hdslb.com/bfs/sycp/ssa/default/201809/1a2414aaca0965d5a74974083e86a11f.png","https://ccc-x.jd.com/dsp/tp?log=CHFeatc_M67X7nTMzVhu4v_Hs95TuokArLjd1ebfb8jqQZg6Tm_8Rnk0N9fcJ3M0MsWrosZuPlgsiY8xv_DYTlySpLifesIDVk2Vn3SRYwM&v=708&to=https%3A%2F%2Fpro.m.jd.com%2Fmall%2Factive%2F4VGiVLhuKtJp53fsUMFf2daTfL9v%2Findex.html%3FbabelChannel%3Dttt1&adt=25&dlid=1853_32787_null","2022-04-29","2022-04-29","6949"
"480x854","https://i0.hdslb.com/bfs/sycp/ssa/default/201809/1a2414aaca0965d5a74974083e86a11f.png","https://ccc-x.jd.com/dsp/tp?log=gL4-CxQn7MqqD-8oW-wGj57h52a5HsJ8XYNQhniEXHtshx-BL8fq0MUhdebr0Vt0HlEdovYX3jyS3CmQWZyfzL5z_iGMo4irD4zhZNmzBfI&v=708&to=https%3A%2F%2Fpro.m.jd.com%2Fmall%2Factive%2F4VGiVLhuKtJp53fsUMFf2daTfL9v%2Findex.html%3FbabelChannel%3Dttt1&adt=25&dlid=1853_32788_null","2022-04-29","2022-04-29","6952"
"480x854","https://i0.hdslb.com/bfs/sycp/ssa/default/201809/1a2414aaca0965d5a74974083e86a11f.png","https://ccc-x.jd.com/dsp/tp?log=u87joXueuH0yy9ysmEOW8csYwY1eq33sLb1DrZGkDrkJBzh2FpeDC1Ilk2A9f-LWVObbRMLqcPXIZQH5XNvxockaB2sVgX6Jv_eZ9yXZfRg&v=708&to=https%3A%2F%2Fpro.m.jd.com%2Fmall%2Factive%2F4VGiVLhuKtJp53fsUMFf2daTfL9v%2Findex.html%3FbabelChannel%3Dttt1&adt=25&dlid=1853_32789_null","2022-04-29","2022-04-29","6954"
"480x854","https://i0.hdslb.com/bfs/sycp/ssa/default/201809/1a2414aaca0965d5a74974083e86a11f.png","https://www.bilibili.com/blackboard/activity-8O8ZmS4aIi.html","2022-04-24","2022-04-24","6969"
"480x854","https://i0.hdslb.com/bfs/sycp/ssa/default/201809/1a2414aaca0965d5a74974083e86a11f.png","https://e.cn.miaozhen.com/r/k=2295643&p=89fZQ&dx=__IPDX__&rt=2&pro=s&ns=__IP__&ni=__IESID__&v=__LOC__&xa=__ADPLATFORM__&tr=__REQUESTID__&mo=__OS__&m0=__OPENUDID__&m0a=__DUID__&m1=__ANDROIDID1__&m1a=__ANDROIDID__&m2=__IMEI__&m4=__AAID__&m5=__IDFA__&m6=__MAC1__&m6a=__MAC__&m11=__OAID__&m14=__CAID__&m5a=__IDFV__&mn=__ANAME__&m5b=__IDFA1__&m11a=__OAID1__&m14a=__CAID1__&o=https://trace.rtbasia.com/tkp?rta_k=2nnDWBSuKX&utm_campaign=_rtc_fdf77ddb0a90a026&utm_source=bilibili&utm_content=BiliBili_OP&utm_medium=national&utm_term=CPT&device=Mobile&adtype=7&crtype=2&playmode=1&idfa=__IDFAMD5__&oaid=__OAIDMD5__&custid1=__REQUESTID__&os=__OS__&ua=__UA__&ts=__TS__&clientip=__IP__&forward=https%3A%2F%2Fwww.tiffany.cn%2Fengagement%2F%3Fomcid%3Ddis-cn_bilibili_op_2022le%26utm_medium%3Ddisplay-cn%26utm_source%3Dbilibili_op%26utm_campaign%3D2022le&sg=086babb8fda6ce2e427060801958a3e3&ord=1650528739466","2022-04-22","2022-04-22","6972"
"480x854","https://i0.hdslb.com/bfs/sycp/creative_img/202204/e4e0f034fc391092f3de1610f02adf38.jpg","https://lululemon.m.tmall.com/","2022-04-25","2022-04-25","6973"
"480x854","https://i0.hdslb.com/bfs/sycp/ssa/default/201809/1a2414aaca0965d5a74974083e86a11f.png","https://www.bilibili.com/bangumi/play/ep480194","2022-04-22","2022-04-22","6980"
"480x854","https://i0.hdslb.com/bfs/sycp/ssa/default/201809/1a2414aaca0965d5a74974083e86a11f.png","https://www.bilibili.com/blackboard/manga/activity-2Wr5wb3ysY.html?from=bilibili_zyw_sp","2022-04-23","2022-04-23","6981"
"480x854","https://i0.hdslb.com/bfs/sycp/ssa/default/201809/1a2414aaca0965d5a74974083e86a11f.png","https://www.bilibili.com/bangumi/play/ss35209","2022-04-24","2022-04-24","6984"
"480x854","https://i0.hdslb.com/bfs/sycp/creative_img/202204/9b1b2d39082a7f3f8db57414eb71f822.jpg","https://www.bilibili.com/blackboard/activity-qwqr8h9X5.html?navhide=1?msource=shanping","2022-04-22","2022-04-22","6995"
"480x854","https://i0.hdslb.com/bfs/sycp/creative_img/202204/a251e1c539fab1939e32f06ac9679614.jpg","https://www.biligame.com/detail/?id=105233&msource=1&source=trackadf_67fff63a8dfc4798bbf8e15932cc7a46&gameID=4616","2022-04-22","2022-04-22","6996"
"480x854","https://i0.hdslb.com/bfs/sycp/ssa/default/201809/1a2414aaca0965d5a74974083e86a11f.png","https://www.bilibili.com/bangumi/play/ss39433","2022-04-24","2022-04-24","6997"
"480x854","https://i0.hdslb.com/bfs/sycp/ssa/default/201809/1a2414aaca0965d5a74974083e86a11f.png","https://www.bilibili.com/bangumi/play/ss39433","2022-04-26","2022-04-26","6998"
"480x854","https://i0.hdslb.com/bfs/sycp/ssa/default/201809/1a2414aaca0965d5a74974083e86a11f.png","https://www.bilibili.com/bangumi/play/ss39180","2022-04-25","2022-04-25","6999"
"480x854","https://i0.hdslb.com/bfs/sycp/ssa/default/201809/1a2414aaca0965d5a74974083e86a11f.png","https://3.cn/106Nrfk-n","2022-04-22","2022-04-22","220"
"480x854","https://i0.hdslb.com/bfs/sycp/creative_img/202204/b1cef52db06c676f287e409643fd1910.jpg","https://app.biligame.com/page/detail_share.html?id=105233","2022-04-22","2022-04-22","7007"
"480x854","https://i0.hdslb.com/bfs/sycp/creative_img/202204/fd0f7fec066a5003f8af31a128f048aa.png","https://www.bilibili.com/bangumi/play/ep479066","2022-04-23","2022-04-23","7081"
"600x976","https://i0.hdslb.com/bfs/sycp/ssa/default/201809/1a2414aaca0965d5a74974083e86a11f.png","https://ccc-x.jd.com/dsp/tp?log=CHFeatc_M67X7nTMzVhu4v_Hs95TuokArLjd1ebfb8jqQZg6Tm_8Rnk0N9fcJ3M0MsWrosZuPlgsiY8xv_DYTlySpLifesIDVk2Vn3SRYwM&v=708&to=https%3A%2F%2Fpro.m.jd.com%2Fmall%2Factive%2F4VGiVLhuKtJp53fsUMFf2daTfL9v%2Findex.html%3FbabelChannel%3Dttt1&adt=25&dlid=1853_32787_null","2022-04-29","2022-04-29","6949"
"600x976","https://i0.hdslb.com/bfs/sycp/ssa/default/201809/1a2414aaca0965d5a74974083e86a11f.png","https://ccc-x.jd.com/dsp/tp?log=gL4-CxQn7MqqD-8oW-wGj57h52a5HsJ8XYNQhniEXHtshx-BL8fq0MUhdebr0Vt0HlEdovYX3jyS3CmQWZyfzL5z_iGMo4irD4zhZNmzBfI&v=708&to=https%3A%2F%2Fpro.m.jd.com%2Fmall%2Factive%2F4VGiVLhuKtJp53fsUMFf2daTfL9v%2Findex.html%3FbabelChannel%3Dttt1&adt=25&dlid=1853_32788_null","2022-04-29","2022-04-29","6952"
"600x976","https://i0.hdslb.com/bfs/sycp/ssa/default/201809/1a2414aaca0965d5a74974083e86a11f.png","https://ccc-x.jd.com/dsp/tp?log=u87joXueuH0yy9ysmEOW8csYwY1eq33sLb1DrZGkDrkJBzh2FpeDC1Ilk2A9f-LWVObbRMLqcPXIZQH5XNvxockaB2sVgX6Jv_eZ9yXZfRg&v=708&to=https%3A%2F%2Fpro.m.jd.com%2Fmall%2Factive%2F4VGiVLhuKtJp53fsUMFf2daTfL9v%2Findex.html%3FbabelChannel%3Dttt1&adt=25&dlid=1853_32789_null","2022-04-29","2022-04-29","6954"
"600x976","https://i0.hdslb.com/bfs/sycp/ssa/default/201809/1a2414aaca0965d5a74974083e86a11f.png","https://www.bilibili.com/blackboard/activity-8O8ZmS4aIi.html","2022-04-24","2022-04-24","6969"
"600x976","https://i0.hdslb.com/bfs/sycp/ssa/default/201809/1a2414aaca0965d5a74974083e86a11f.png","https://e.cn.miaozhen.com/r/k=2295643&p=89fZQ&dx=__IPDX__&rt=2&pro=s&ns=__IP__&ni=__IESID__&v=__LOC__&xa=__ADPLATFORM__&tr=__REQUESTID__&mo=__OS__&m0=__OPENUDID__&m0a=__DUID__&m1=__ANDROIDID1__&m1a=__ANDROIDID__&m2=__IMEI__&m4=__AAID__&m5=__IDFA__&m6=__MAC1__&m6a=__MAC__&m11=__OAID__&m14=__CAID__&m5a=__IDFV__&mn=__ANAME__&m5b=__IDFA1__&m11a=__OAID1__&m14a=__CAID1__&o=https://trace.rtbasia.com/tkp?rta_k=2nnDWBSuKX&utm_campaign=_rtc_fdf77ddb0a90a026&utm_source=bilibili&utm_content=BiliBili_OP&utm_medium=national&utm_term=CPT&device=Mobile&adtype=7&crtype=2&playmode=1&idfa=__IDFAMD5__&oaid=__OAIDMD5__&custid1=__REQUESTID__&os=__OS__&ua=__UA__&ts=__TS__&clientip=__IP__&forward=https%3A%2F%2Fwww.tiffany.cn%2Fengagement%2F%3Fomcid%3Ddis-cn_bilibili_op_2022le%26utm_medium%3Ddisplay-cn%26utm_source%3Dbilibili_op%26utm_campaign%3D2022le&sg=086babb8fda6ce2e427060801958a3e3&ord=1650528739466","2022-04-22","2022-04-22","6972"
"600x976","https://i0.hdslb.com/bfs/sycp/creative_img/202204/7a57e46ef17a081e12947c89fca25978.jpg","https://lululemon.m.tmall.com/","2022-04-25","2022-04-25","6973"
"600x976","https://i0.hdslb.com/bfs/sycp/ssa/default/201809/1a2414aaca0965d5a74974083e86a11f.png","https://www.bilibili.com/bangumi/play/ep480194","2022-04-22","2022-04-22","6980"
"600x976","https://i0.hdslb.com/bfs/sycp/ssa/default/201809/1a2414aaca0965d5a74974083e86a11f.png","https://www.bilibili.com/blackboard/manga/activity-2Wr5wb3ysY.html?from=bilibili_zyw_sp","2022-04-23","2022-04-23","6981"
"600x976","https://i0.hdslb.com/bfs/sycp/ssa/default/201809/1a2414aaca0965d5a74974083e86a11f.png","https://www.bilibili.com/bangumi/play/ss35209","2022-04-24","2022-04-24","6984"
"600x976","https://i0.hdslb.com/bfs/sycp/creative_img/202204/b3d86cc248e3ea8452e68e642a0cb759.jpg","https://www.bilibili.com/blackboard/activity-qwqr8h9X5.html?navhide=1?msource=shanping","2022-04-22","2022-04-22","6995"
"600x976","https://i0.hdslb.com/bfs/sycp/creative_img/202204/c9f981d94b28932ff9373ef5588003db.jpg","https://www.biligame.com/detail/?id=105233&msource=1&source=trackadf_67fff63a8dfc4798bbf8e15932cc7a46&gameID=4616","2022-04-22","2022-04-22","6996"
"600x976","https://i0.hdslb.com/bfs/sycp/ssa/default/201809/1a2414aaca0965d5a74974083e86a11f.png","https://www.bilibili.com/bangumi/play/ss39433","2022-04-24","2022-04-24","6997"
"600x976","https://i0.hdslb.com/bfs/sycp/ssa/default/201809/1a2414aaca0965d5a74974083e86a11f.png","https://www.bilibili.com/bangumi/play/ss39433","2022-04-26","2022-04-26","6998"
"600x976","https://i0.hdslb.com/bfs/sycp/ssa/default/201809/1a2414aaca0965d5a74974083e86a11f.png","https://www.bilibili.com/bangumi/play/ss39180","2022-04-25","2022-04-25","6999"
"600x976","https://i0.hdslb.com/bfs/sycp/ssa/default/201809/1a2414aaca0965d5a74974083e86a11f.png","https://3.cn/106Nrfk-n","2022-04-22","2022-04-22","220"
"600x976","https://i0.hdslb.com/bfs/sycp/creative_img/202204/84de8162f4e42514856d6a6231f30fc1.jpg","https://app.biligame.com/page/detail_share.html?id=105233","2022-04-22","2022-04-22","7007"
"600x976","https://i0.hdslb.com/bfs/sycp/creative_img/202204/e0a8bc3761e0d66ba04aff6cdd5da82e.png","https://www.bilibili.com/bangumi/play/ep479066","2022-04-23","2022-04-23","7081"
"640x960","https://i0.hdslb.com/bfs/sycp/ssa/default/201809/1a2414aaca0965d5a74974083e86a11f.png","https://ccc-x.jd.com/dsp/tp?log=CHFeatc_M67X7nTMzVhu4v_Hs95TuokArLjd1ebfb8jqQZg6Tm_8Rnk0N9fcJ3M0MsWrosZuPlgsiY8xv_DYTlySpLifesIDVk2Vn3SRYwM&v=708&to=https%3A%2F%2Fpro.m.jd.com%2Fmall%2Factive%2F4VGiVLhuKtJp53fsUMFf2daTfL9v%2Findex.html%3FbabelChannel%3Dttt1&adt=25&dlid=1853_32787_null","2022-04-29","2022-04-29","6949"
"640x960","https://i0.hdslb.com/bfs/sycp/ssa/default/201809/1a2414aaca0965d5a74974083e86a11f.png","https://ccc-x.jd.com/dsp/tp?log=gL4-CxQn7MqqD-8oW-wGj57h52a5HsJ8XYNQhniEXHtshx-BL8fq0MUhdebr0Vt0HlEdovYX3jyS3CmQWZyfzL5z_iGMo4irD4zhZNmzBfI&v=708&to=https%3A%2F%2Fpro.m.jd.com%2Fmall%2Factive%2F4VGiVLhuKtJp53fsUMFf2daTfL9v%2Findex.html%3FbabelChannel%3Dttt1&adt=25&dlid=1853_32788_null","2022-04-29","2022-04-29","6952"
"640x960","https://i0.hdslb.com/bfs/sycp/ssa/default/201809/1a2414aaca0965d5a74974083e86a11f.png","https://ccc-x.jd.com/dsp/tp?log=u87joXueuH0yy9ysmEOW8csYwY1eq33sLb1DrZGkDrkJBzh2FpeDC1Ilk2A9f-LWVObbRMLqcPXIZQH5XNvxockaB2sVgX6Jv_eZ9yXZfRg&v=708&to=https%3A%2F%2Fpro.m.jd.com%2Fmall%2Factive%2F4VGiVLhuKtJp53fsUMFf2daTfL9v%2Findex.html%3FbabelChannel%3Dttt1&adt=25&dlid=1853_32789_null","2022-04-29","2022-04-29","6954"
"640x960","https://i0.hdslb.com/bfs/sycp/ssa/default/201809/1a2414aaca0965d5a74974083e86a11f.png","https://www.bilibili.com/blackboard/activity-8O8ZmS4aIi.html","2022-04-24","2022-04-24","6969"
"640x960","https://i0.hdslb.com/bfs/sycp/ssa/default/201809/1a2414aaca0965d5a74974083e86a11f.png","https://e.cn.miaozhen.com/r/k=2295643&p=89fZQ&dx=__IPDX__&rt=2&pro=s&ns=__IP__&ni=__IESID__&v=__LOC__&xa=__ADPLATFORM__&tr=__REQUESTID__&mo=__OS__&m0=__OPENUDID__&m0a=__DUID__&m1=__ANDROIDID1__&m1a=__ANDROIDID__&m2=__IMEI__&m4=__AAID__&m5=__IDFA__&m6=__MAC1__&m6a=__MAC__&m11=__OAID__&m14=__CAID__&m5a=__IDFV__&mn=__ANAME__&m5b=__IDFA1__&m11a=__OAID1__&m14a=__CAID1__&o=https://trace.rtbasia.com/tkp?rta_k=2nnDWBSuKX&utm_campaign=_rtc_fdf77ddb0a90a026&utm_source=bilibili&utm_content=BiliBili_OP&utm_medium=national&utm_term=CPT&device=Mobile&adtype=7&crtype=2&playmode=1&idfa=__IDFAMD5__&oaid=__OAIDMD5__&custid1=__REQUESTID__&os=__OS__&ua=__UA__&ts=__TS__&clientip=__IP__&forward=https%3A%2F%2Fwww.tiffany.cn%2Fengagement%2F%3Fomcid%3Ddis-cn_bilibili_op_2022le%26utm_medium%3Ddisplay-cn%26utm_source%3Dbilibili_op%26utm_campaign%3D2022le&sg=086babb8fda6ce2e427060801958a3e3&ord=1650528739466","2022-04-22","2022-04-22","6972"
"640x960","https://i0.hdslb.com/bfs/sycp/creative_img/202204/2aaef2f87449ff25fc271f0abf8c7f08.jpg","https://lululemon.m.tmall.com/","2022-04-25","2022-04-25","6973"
"640x960","https://i0.hdslb.com/bfs/sycp/ssa/default/201809/1a2414aaca0965d5a74974083e86a11f.png","https://www.bilibili.com/bangumi/play/ep480194","2022-04-22","2022-04-22","6980"
"640x960","https://i0.hdslb.com/bfs/sycp/ssa/default/201809/1a2414aaca0965d5a74974083e86a11f.png","https://www.bilibili.com/blackboard/manga/activity-2Wr5wb3ysY.html?from=bilibili_zyw_sp","2022-04-23","2022-04-23","6981"
"640x960","https://i0.hdslb.com/bfs/sycp/ssa/default/201809/1a2414aaca0965d5a74974083e86a11f.png","https://www.bilibili.com/bangumi/play/ss35209","2022-04-24","2022-04-24","6984"
"640x960","https://i0.hdslb.com/bfs/sycp/creative_img/202204/27991f73bc104c5cbc381133584b10b6.jpg","https://www.bilibili.com/blackboard/activity-qwqr8h9X5.html?navhide=1?msource=shanping","2022-04-22","2022-04-22","6995"
"640x960","https://i0.hdslb.com/bfs/sycp/creative_img/202204/7c95276bb639f12c1f20d20728cbe011.jpg","https://www.biligame.com/detail/?id=105233&msource=1&source=trackadf_67fff63a8dfc4798bbf8e15932cc7a46&gameID=4616","2022-04-22","2022-04-22","6996"
"640x960","https://i0.hdslb.com/bfs/sycp/ssa/default/201809/1a2414aaca0965d5a74974083e86a11f.png","https://www.bilibili.com/bangumi/play/ss39433","2022-04-24","2022-04-24","6997"
"640x960","https://i0.hdslb.com/bfs/sycp/ssa/default/201809/1a2414aaca0965d5a74974083e86a11f.png","https://www.bilibili.com/bangumi/play/ss39433","2022-04-26","2022-04-26","6998"
"640x960","https://i0.hdslb.com/bfs/sycp/ssa/default/201809/1a2414aaca0965d5a74974083e86a11f.png","https://www.bilibili.com/bangumi/play/ss39180","2022-04-25","2022-04-25","6999"
"640x960","https://i0.hdslb.com/bfs/sycp/ssa/default/201809/1a2414aaca0965d5a74974083e86a11f.png","https://3.cn/106Nrfk-n","2022-04-22","2022-04-22","220"
"640x960","https://i0.hdslb.com/bfs/sycp/creative_img/202204/494d4dbadf71609b757be3f6e03b80f5.jpg","https://app.biligame.com/page/detail_share.html?id=105233","2022-04-22","2022-04-22","7007"
"640x960","https://i0.hdslb.com/bfs/sycp/creative_img/202204/50f8e473c428c195e872c794a4ce9261.png","https://www.bilibili.com/bangumi/play/ep479066","2022-04-23","2022-04-23","7081"
"640x1136","https://i0.hdslb.com/bfs/sycp/ssa/default/201809/1a2414aaca0965d5a74974083e86a11f.png","https://ccc-x.jd.com/dsp/tp?log=CHFeatc_M67X7nTMzVhu4v_Hs95TuokArLjd1ebfb8jqQZg6Tm_8Rnk0N9fcJ3M0MsWrosZuPlgsiY8xv_DYTlySpLifesIDVk2Vn3SRYwM&v=708&to=https%3A%2F%2Fpro.m.jd.com%2Fmall%2Factive%2F4VGiVLhuKtJp53fsUMFf2daTfL9v%2Findex.html%3FbabelChannel%3Dttt1&adt=25&dlid=1853_32787_null","2022-04-29","2022-04-29","6949"
"640x1136","https://i0.hdslb.com/bfs/sycp/ssa/default/201809/1a2414aaca0965d5a74974083e86a11f.png","https://ccc-x.jd.com/dsp/tp?log=gL4-CxQn7MqqD-8oW-wGj57h52a5HsJ8XYNQhniEXHtshx-BL8fq0MUhdebr0Vt0HlEdovYX3jyS3CmQWZyfzL5z_iGMo4irD4zhZNmzBfI&v=708&to=https%3A%2F%2Fpro.m.jd.com%2Fmall%2Factive%2F4VGiVLhuKtJp53fsUMFf2daTfL9v%2Findex.html%3FbabelChannel%3Dttt1&adt=25&dlid=1853_32788_null","2022-04-29","2022-04-29","6952"
"640x1136","https://i0.hdslb.com/bfs/sycp/ssa/default/201809/1a2414aaca0965d5a74974083e86a11f.png","https://ccc-x.jd.com/dsp/tp?log=u87joXueuH0yy9ysmEOW8csYwY1eq33sLb1DrZGkDrkJBzh2FpeDC1Ilk2A9f-LWVObbRMLqcPXIZQH5XNvxockaB2sVgX6Jv_eZ9yXZfRg&v=708&to=https%3A%2F%2Fpro.m.jd.com%2Fmall%2Factive%2F4VGiVLhuKtJp53fsUMFf2daTfL9v%2Findex.html%3FbabelChannel%3Dttt1&adt=25&dlid=1853_32789_null","2022-04-29","2022-04-29","6954"
"640x1136","https://i0.hdslb.com/bfs/sycp/ssa/default/201809/1a2414aaca0965d5a74974083e86a11f.png","https://www.bilibili.com/blackboard/activity-8O8ZmS4aIi.html","2022-04-24","2022-04-24","6969"
"640x1136","https://i0.hdslb.com/bfs/sycp/ssa/default/201809/1a2414aaca0965d5a74974083e86a11f.png","https://e.cn.miaozhen.com/r/k=2295643&p=89fZQ&dx=__IPDX__&rt=2&pro=s&ns=__IP__&ni=__IESID__&v=__LOC__&xa=__ADPLATFORM__&tr=__REQUESTID__&mo=__OS__&m0=__OPENUDID__&m0a=__DUID__&m1=__ANDROIDID1__&m1a=__ANDROIDID__&m2=__IMEI__&m4=__AAID__&m5=__IDFA__&m6=__MAC1__&m6a=__MAC__&m11=__OAID__&m14=__CAID__&m5a=__IDFV__&mn=__ANAME__&m5b=__IDFA1__&m11a=__OAID1__&m14a=__CAID1__&o=https://trace.rtbasia.com/tkp?rta_k=2nnDWBSuKX&utm_campaign=_rtc_fdf77ddb0a90a026&utm_source=bilibili&utm_content=BiliBili_OP&utm_medium=national&utm_term=CPT&device=Mobile&adtype=7&crtype=2&playmode=1&idfa=__IDFAMD5__&oaid=__OAIDMD5__&custid1=__REQUESTID__&os=__OS__&ua=__UA__&ts=__TS__&clientip=__IP__&forward=https%3A%2F%2Fwww.tiffany.cn%2Fengagement%2F%3Fomcid%3Ddis-cn_bilibili_op_2022le%26utm_medium%3Ddisplay-cn%26utm_source%3Dbilibili_op%26utm_campaign%3D2022le&sg=086babb8fda6ce2e427060801958a3e3&ord=1650528739466","2022-04-22","2022-04-22","6972"
"640x1136","https://i0.hdslb.com/bfs/sycp/creative_img/202204/80497f2c225fe775546097e83ede04c9.jpg","https://lululemon.m.tmall.com/","2022-04-25","2022-04-25","6973"
"640x1136","https://i0.hdslb.com/bfs/sycp/ssa/default/201809/1a2414aaca0965d5a74974083e86a11f.png","https://www.bilibili.com/bangumi/play/ep480194","2022-04-22","2022-04-22","6980"
"640x1136","https://i0.hdslb.com/bfs/sycp/ssa/default/201809/1a2414aaca0965d5a74974083e86a11f.png","https://www.bilibili.com/blackboard/manga/activity-2Wr5wb3ysY.html?from=bilibili_zyw_sp","2022-04-23","2022-04-23","6981"
"640x1136","https://i0.hdslb.com/bfs/sycp/ssa/default/201809/1a2414aaca0965d5a74974083e86a11f.png","https://www.bilibili.com/bangumi/play/ss35209","2022-04-24","2022-04-24","6984"
"640x1136","https://i0.hdslb.com/bfs/sycp/creative_img/202204/df3c354b90331ff2daedb4cd82326d02.jpg","https://www.bilibili.com/blackboard/activity-qwqr8h9X5.html?navhide=1?msource=shanping","2022-04-22","2022-04-22","6995"
"640x1136","https://i0.hdslb.com/bfs/sycp/creative_img/202204/a8cabc7fb97b971711a02012b454534c.jpg","https://www.biligame.com/detail/?id=105233&msource=1&source=trackadf_67fff63a8dfc4798bbf8e15932cc7a46&gameID=4616","2022-04-22","2022-04-22","6996"
"640x1136","https://i0.hdslb.com/bfs/sycp/ssa/default/201809/1a2414aaca0965d5a74974083e86a11f.png","https://www.bilibili.com/bangumi/play/ss39433","2022-04-24","2022-04-24","6997"
"640x1136","https://i0.hdslb.com/bfs/sycp/ssa/default/201809/1a2414aaca0965d5a74974083e86a11f.png","https://www.bilibili.com/bangumi/play/ss39433","2022-04-26","2022-04-26","6998"
"640x1136","https://i0.hdslb.com/bfs/sycp/ssa/default/201809/1a2414aaca0965d5a74974083e86a11f.png","https://www.bilibili.com/bangumi/play/ss39180","2022-04-25","2022-04-25","6999"
"640x1136","https://i0.hdslb.com/bfs/sycp/ssa/default/201809/1a2414aaca0965d5a74974083e86a11f.png","https://3.cn/106Nrfk-n","2022-04-22","2022-04-22","220"
"640x1136","https://i0.hdslb.com/bfs/sycp/creative_img/202204/75495579898a9704feea8efba4d52fa2.jpg","https://app.biligame.com/page/detail_share.html?id=105233","2022-04-22","2022-04-22","7007"
"640x1136","https://i0.hdslb.com/bfs/sycp/creative_img/202204/55b79a4d19dd1ed7d0ad6cf6a04db750.png","https://www.bilibili.com/bangumi/play/ep479066","2022-04-23","2022-04-23","7081"
"720x1184","https://i0.hdslb.com/bfs/sycp/ssa/default/201809/1a2414aaca0965d5a74974083e86a11f.png","https://ccc-x.jd.com/dsp/tp?log=CHFeatc_M67X7nTMzVhu4v_Hs95TuokArLjd1ebfb8jqQZg6Tm_8Rnk0N9fcJ3M0MsWrosZuPlgsiY8xv_DYTlySpLifesIDVk2Vn3SRYwM&v=708&to=https%3A%2F%2Fpro.m.jd.com%2Fmall%2Factive%2F4VGiVLhuKtJp53fsUMFf2daTfL9v%2Findex.html%3FbabelChannel%3Dttt1&adt=25&dlid=1853_32787_null","2022-04-29","2022-04-29","6949"
"720x1184","https://i0.hdslb.com/bfs/sycp/ssa/default/201809/1a2414aaca0965d5a74974083e86a11f.png","https://ccc-x.jd.com/dsp/tp?log=gL4-CxQn7MqqD-8oW-wGj57h52a5HsJ8XYNQhniEXHtshx-BL8fq0MUhdebr0Vt0HlEdovYX3jyS3CmQWZyfzL5z_iGMo4irD4zhZNmzBfI&v=708&to=https%3A%2F%2Fpro.m.jd.com%2Fmall%2Factive%2F4VGiVLhuKtJp53fsUMFf2daTfL9v%2Findex.html%3FbabelChannel%3Dttt1&adt=25&dlid=1853_32788_null","2022-04-29","2022-04-29","6952"
"720x1184","https://i0.hdslb.com/bfs/sycp/ssa/default/201809/1a2414aaca0965d5a74974083e86a11f.png","https://ccc-x.jd.com/dsp/tp?log=u87joXueuH0yy9ysmEOW8csYwY1eq33sLb1DrZGkDrkJBzh2FpeDC1Ilk2A9f-LWVObbRMLqcPXIZQH5XNvxockaB2sVgX6Jv_eZ9yXZfRg&v=708&to=https%3A%2F%2Fpro.m.jd.com%2Fmall%2Factive%2F4VGiVLhuKtJp53fsUMFf2daTfL9v%2Findex.html%3FbabelChannel%3Dttt1&adt=25&dlid=1853_32789_null","2022-04-29","2022-04-29","6954"
"720x1184","https://i0.hdslb.com/bfs/sycp/ssa/default/201809/1a2414aaca0965d5a74974083e86a11f.png","https://www.bilibili.com/blackboard/activity-8O8ZmS4aIi.html","2022-04-24","2022-04-24","6969"
"720x1184","https://i0.hdslb.com/bfs/sycp/ssa/default/201809/1a2414aaca0965d5a74974083e86a11f.png","https://e.cn.miaozhen.com/r/k=2295643&p=89fZQ&dx=__IPDX__&rt=2&pro=s&ns=__IP__&ni=__IESID__&v=__LOC__&xa=__ADPLATFORM__&tr=__REQUESTID__&mo=__OS__&m0=__OPENUDID__&m0a=__DUID__&m1=__ANDROIDID1__&m1a=__ANDROIDID__&m2=__IMEI__&m4=__AAID__&m5=__IDFA__&m6=__MAC1__&m6a=__MAC__&m11=__OAID__&m14=__CAID__&m5a=__IDFV__&mn=__ANAME__&m5b=__IDFA1__&m11a=__OAID1__&m14a=__CAID1__&o=https://trace.rtbasia.com/tkp?rta_k=2nnDWBSuKX&utm_campaign=_rtc_fdf77ddb0a90a026&utm_source=bilibili&utm_content=BiliBili_OP&utm_medium=national&utm_term=CPT&device=Mobile&adtype=7&crtype=2&playmode=1&idfa=__IDFAMD5__&oaid=__OAIDMD5__&custid1=__REQUESTID__&os=__OS__&ua=__UA__&ts=__TS__&clientip=__IP__&forward=https%3A%2F%2Fwww.tiffany.cn%2Fengagement%2F%3Fomcid%3Ddis-cn_bilibili_op_2022le%26utm_medium%3Ddisplay-cn%26utm_source%3Dbilibili_op%26utm_campaign%3D2022le&sg=086babb8fda6ce2e427060801958a3e3&ord=1650528739466","2022-04-22","2022-04-22","6972"
"720x1184","https://i0.hdslb.com/bfs/sycp/creative_img/202204/3a53f22a2888dbe5bf1ea936b2d2f7e6.jpg","https://lululemon.m.tmall.com/","2022-04-25","2022-04-25","6973"
"720x1184","https://i0.hdslb.com/bfs/sycp/ssa/default/201809/1a2414aaca0965d5a74974083e86a11f.png","https://www.bilibili.com/bangumi/play/ep480194","2022-04-22","2022-04-22","6980"
"720x1184","https://i0.hdslb.com/bfs/sycp/ssa/default/201809/1a2414aaca0965d5a74974083e86a11f.png","https://www.bilibili.com/blackboard/manga/activity-2Wr5wb3ysY.html?from=bilibili_zyw_sp","2022-04-23","2022-04-23","6981"
"720x1184","https://i0.hdslb.com/bfs/sycp/ssa/default/201809/1a2414aaca0965d5a74974083e86a11f.png","https://www.bilibili.com/bangumi/play/ss35209","2022-04-24","2022-04-24","6984"
"720x1184","https://i0.hdslb.com/bfs/sycp/creative_img/202204/9c1a0368f0ae8b7ba3d2ab16f0c0c951.jpg","https://www.bilibili.com/blackboard/activity-qwqr8h9X5.html?navhide=1?msource=shanping","2022-04-22","2022-04-22","6995"
"720x1184","https://i0.hdslb.com/bfs/sycp/creative_img/202204/918c045fa1ba447346f1d7904a77bf69.jpg","https://www.biligame.com/detail/?id=105233&msource=1&source=trackadf_67fff63a8dfc4798bbf8e15932cc7a46&gameID=4616","2022-04-22","2022-04-22","6996"
"720x1184","https://i0.hdslb.com/bfs/sycp/ssa/default/201809/1a2414aaca0965d5a74974083e86a11f.png","https://www.bilibili.com/bangumi/play/ss39433","2022-04-24","2022-04-24","6997"
"720x1184","https://i0.hdslb.com/bfs/sycp/ssa/default/201809/1a2414aaca0965d5a74974083e86a11f.png","https://www.bilibili.com/bangumi/play/ss39433","2022-04-26","2022-04-26","6998"
"720x1184","https://i0.hdslb.com/bfs/sycp/ssa/default/201809/1a2414aaca0965d5a74974083e86a11f.png","https://www.bilibili.com/bangumi/play/ss39180","2022-04-25","2022-04-25","6999"
"720x1184","https://i0.hdslb.com/bfs/sycp/ssa/default/201809/1a2414aaca0965d5a74974083e86a11f.png","https://3.cn/106Nrfk-n","2022-04-22","2022-04-22","220"
"720x1184","https://i0.hdslb.com/bfs/sycp/creative_img/202204/0b04ed1ebc1efed7fa123925f2d75d94.jpg","https://app.biligame.com/page/detail_share.html?id=105233","2022-04-22","2022-04-22","7007"
"720x1184","https://i0.hdslb.com/bfs/sycp/creative_img/202204/d4f23742113963478f53ff671ba641d0.png","https://www.bilibili.com/bangumi/play/ep479066","2022-04-23","2022-04-23","7081"
"720x1208","https://i0.hdslb.com/bfs/sycp/ssa/default/201809/1a2414aaca0965d5a74974083e86a11f.png","https://ccc-x.jd.com/dsp/tp?log=CHFeatc_M67X7nTMzVhu4v_Hs95TuokArLjd1ebfb8jqQZg6Tm_8Rnk0N9fcJ3M0MsWrosZuPlgsiY8xv_DYTlySpLifesIDVk2Vn3SRYwM&v=708&to=https%3A%2F%2Fpro.m.jd.com%2Fmall%2Factive%2F4VGiVLhuKtJp53fsUMFf2daTfL9v%2Findex.html%3FbabelChannel%3Dttt1&adt=25&dlid=1853_32787_null","2022-04-29","2022-04-29","6949"
"720x1208","https://i0.hdslb.com/bfs/sycp/ssa/default/201809/1a2414aaca0965d5a74974083e86a11f.png","https://ccc-x.jd.com/dsp/tp?log=gL4-CxQn7MqqD-8oW-wGj57h52a5HsJ8XYNQhniEXHtshx-BL8fq0MUhdebr0Vt0HlEdovYX3jyS3CmQWZyfzL5z_iGMo4irD4zhZNmzBfI&v=708&to=https%3A%2F%2Fpro.m.jd.com%2Fmall%2Factive%2F4VGiVLhuKtJp53fsUMFf2daTfL9v%2Findex.html%3FbabelChannel%3Dttt1&adt=25&dlid=1853_32788_null","2022-04-29","2022-04-29","6952"
"720x1208","https://i0.hdslb.com/bfs/sycp/ssa/default/201809/1a2414aaca0965d5a74974083e86a11f.png","https://ccc-x.jd.com/dsp/tp?log=u87joXueuH0yy9ysmEOW8csYwY1eq33sLb1DrZGkDrkJBzh2FpeDC1Ilk2A9f-LWVObbRMLqcPXIZQH5XNvxockaB2sVgX6Jv_eZ9yXZfRg&v=708&to=https%3A%2F%2Fpro.m.jd.com%2Fmall%2Factive%2F4VGiVLhuKtJp53fsUMFf2daTfL9v%2Findex.html%3FbabelChannel%3Dttt1&adt=25&dlid=1853_32789_null","2022-04-29","2022-04-29","6954"
"720x1208","https://i0.hdslb.com/bfs/sycp/ssa/default/201809/1a2414aaca0965d5a74974083e86a11f.png","https://www.bilibili.com/blackboard/activity-8O8ZmS4aIi.html","2022-04-24","2022-04-24","6969"
"720x1208","https://i0.hdslb.com/bfs/sycp/ssa/default/201809/1a2414aaca0965d5a74974083e86a11f.png","https://e.cn.miaozhen.com/r/k=2295643&p=89fZQ&dx=__IPDX__&rt=2&pro=s&ns=__IP__&ni=__IESID__&v=__LOC__&xa=__ADPLATFORM__&tr=__REQUESTID__&mo=__OS__&m0=__OPENUDID__&m0a=__DUID__&m1=__ANDROIDID1__&m1a=__ANDROIDID__&m2=__IMEI__&m4=__AAID__&m5=__IDFA__&m6=__MAC1__&m6a=__MAC__&m11=__OAID__&m14=__CAID__&m5a=__IDFV__&mn=__ANAME__&m5b=__IDFA1__&m11a=__OAID1__&m14a=__CAID1__&o=https://trace.rtbasia.com/tkp?rta_k=2nnDWBSuKX&utm_campaign=_rtc_fdf77ddb0a90a026&utm_source=bilibili&utm_content=BiliBili_OP&utm_medium=national&utm_term=CPT&device=Mobile&adtype=7&crtype=2&playmode=1&idfa=__IDFAMD5__&oaid=__OAIDMD5__&custid1=__REQUESTID__&os=__OS__&ua=__UA__&ts=__TS__&clientip=__IP__&forward=https%3A%2F%2Fwww.tiffany.cn%2Fengagement%2F%3Fomcid%3Ddis-cn_bilibili_op_2022le%26utm_medium%3Ddisplay-cn%26utm_source%3Dbilibili_op%26utm_campaign%3D2022le&sg=086babb8fda6ce2e427060801958a3e3&ord=1650528739466","2022-04-22","2022-04-22","6972"
"720x1208","https://i0.hdslb.com/bfs/sycp/creative_img/202204/168905e142aef81b7b94f7357c3dff60.jpg","https://lululemon.m.tmall.com/","2022-04-25","2022-04-25","6973"
"720x1208","https://i0.hdslb.com/bfs/sycp/ssa/default/201809/1a2414aaca0965d5a74974083e86a11f.png","https://www.bilibili.com/bangumi/play/ep480194","2022-04-22","2022-04-22","6980"
"720x1208","https://i0.hdslb.com/bfs/sycp/ssa/default/201809/1a2414aaca0965d5a74974083e86a11f.png","https://www.bilibili.com/blackboard/manga/activity-2Wr5wb3ysY.html?from=bilibili_zyw_sp","2022-04-23","2022-04-23","6981"
"720x1208","https://i0.hdslb.com/bfs/sycp/ssa/default/201809/1a2414aaca0965d5a74974083e86a11f.png","https://www.bilibili.com/bangumi/play/ss35209","2022-04-24","2022-04-24","6984"
"720x1208","https://i0.hdslb.com/bfs/sycp/creative_img/202204/051e7da380ec1366b8eff7689d46b2a2.jpg","https://www.bilibili.com/blackboard/activity-qwqr8h9X5.html?navhide=1?msource=shanping","2022-04-22","2022-04-22","6995"
"720x1208","https://i0.hdslb.com/bfs/sycp/creative_img/202204/f5b60af307e2bb479fa23656a3335179.jpg","https://www.biligame.com/detail/?id=105233&msource=1&source=trackadf_67fff63a8dfc4798bbf8e15932cc7a46&gameID=4616","2022-04-22","2022-04-22","6996"
"720x1208","https://i0.hdslb.com/bfs/sycp/ssa/default/201809/1a2414aaca0965d5a74974083e86a11f.png","https://www.bilibili.com/bangumi/play/ss39433","2022-04-24","2022-04-24","6997"
"720x1208","https://i0.hdslb.com/bfs/sycp/ssa/default/201809/1a2414aaca0965d5a74974083e86a11f.png","https://www.bilibili.com/bangumi/play/ss39433","2022-04-26","2022-04-26","6998"
"720x1208","https://i0.hdslb.com/bfs/sycp/ssa/default/201809/1a2414aaca0965d5a74974083e86a11f.png","https://www.bilibili.com/bangumi/play/ss39180","2022-04-25","2022-04-25","6999"
"720x1208","https://i0.hdslb.com/bfs/sycp/ssa/default/201809/1a2414aaca0965d5a74974083e86a11f.png","https://3.cn/106Nrfk-n","2022-04-22","2022-04-22","220"
"720x1208","https://i0.hdslb.com/bfs/sycp/creative_img/202204/c2daebe40729f51bcf8d80b9255116b2.jpg","https://app.biligame.com/page/detail_share.html?id=105233","2022-04-22","2022-04-22","7007"
"720x1208","https://i0.hdslb.com/bfs/sycp/creative_img/202204/4c30e5db7c1815e9c378f50a469855dd.png","https://www.bilibili.com/bangumi/play/ep479066","2022-04-23","2022-04-23","7081"
"720x1280","https://i0.hdslb.com/bfs/sycp/ssa/default/201809/1a2414aaca0965d5a74974083e86a11f.png","https://ccc-x.jd.com/dsp/tp?log=CHFeatc_M67X7nTMzVhu4v_Hs95TuokArLjd1ebfb8jqQZg6Tm_8Rnk0N9fcJ3M0MsWrosZuPlgsiY8xv_DYTlySpLifesIDVk2Vn3SRYwM&v=708&to=https%3A%2F%2Fpro.m.jd.com%2Fmall%2Factive%2F4VGiVLhuKtJp53fsUMFf2daTfL9v%2Findex.html%3FbabelChannel%3Dttt1&adt=25&dlid=1853_32787_null","2022-04-29","2022-04-29","6949"
"720x1280","https://i0.hdslb.com/bfs/sycp/ssa/default/201809/1a2414aaca0965d5a74974083e86a11f.png","https://ccc-x.jd.com/dsp/tp?log=gL4-CxQn7MqqD-8oW-wGj57h52a5HsJ8XYNQhniEXHtshx-BL8fq0MUhdebr0Vt0HlEdovYX3jyS3CmQWZyfzL5z_iGMo4irD4zhZNmzBfI&v=708&to=https%3A%2F%2Fpro.m.jd.com%2Fmall%2Factive%2F4VGiVLhuKtJp53fsUMFf2daTfL9v%2Findex.html%3FbabelChannel%3Dttt1&adt=25&dlid=1853_32788_null","2022-04-29","2022-04-29","6952"
"720x1280","https://i0.hdslb.com/bfs/sycp/ssa/default/201809/1a2414aaca0965d5a74974083e86a11f.png","https://ccc-x.jd.com/dsp/tp?log=u87joXueuH0yy9ysmEOW8csYwY1eq33sLb1DrZGkDrkJBzh2FpeDC1Ilk2A9f-LWVObbRMLqcPXIZQH5XNvxockaB2sVgX6Jv_eZ9yXZfRg&v=708&to=https%3A%2F%2Fpro.m.jd.com%2Fmall%2Factive%2F4VGiVLhuKtJp53fsUMFf2daTfL9v%2Findex.html%3FbabelChannel%3Dttt1&adt=25&dlid=1853_32789_null","2022-04-29","2022-04-29","6954"
"720x1280","https://i0.hdslb.com/bfs/sycp/ssa/default/201809/1a2414aaca0965d5a74974083e86a11f.png","https://www.bilibili.com/blackboard/activity-8O8ZmS4aIi.html","2022-04-24","2022-04-24","6969"
"720x1280","https://i0.hdslb.com/bfs/sycp/ssa/default/201809/1a2414aaca0965d5a74974083e86a11f.png","https://e.cn.miaozhen.com/r/k=2295643&p=89fZQ&dx=__IPDX__&rt=2&pro=s&ns=__IP__&ni=__IESID__&v=__LOC__&xa=__ADPLATFORM__&tr=__REQUESTID__&mo=__OS__&m0=__OPENUDID__&m0a=__DUID__&m1=__ANDROIDID1__&m1a=__ANDROIDID__&m2=__IMEI__&m4=__AAID__&m5=__IDFA__&m6=__MAC1__&m6a=__MAC__&m11=__OAID__&m14=__CAID__&m5a=__IDFV__&mn=__ANAME__&m5b=__IDFA1__&m11a=__OAID1__&m14a=__CAID1__&o=https://trace.rtbasia.com/tkp?rta_k=2nnDWBSuKX&utm_campaign=_rtc_fdf77ddb0a90a026&utm_source=bilibili&utm_content=BiliBili_OP&utm_medium=national&utm_term=CPT&device=Mobile&adtype=7&crtype=2&playmode=1&idfa=__IDFAMD5__&oaid=__OAIDMD5__&custid1=__REQUESTID__&os=__OS__&ua=__UA__&ts=__TS__&clientip=__IP__&forward=https%3A%2F%2Fwww.tiffany.cn%2Fengagement%2F%3Fomcid%3Ddis-cn_bilibili_op_2022le%26utm_medium%3Ddisplay-cn%26utm_source%3Dbilibili_op%26utm_campaign%3D2022le&sg=086babb8fda6ce2e427060801958a3e3&ord=1650528739466","2022-04-22","2022-04-22","6972"
"720x1280","https://i0.hdslb.com/bfs/sycp/creative_img/202204/55dc885c18941133a12094f46e664248.jpg","https://lululemon.m.tmall.com/","2022-04-25","2022-04-25","6973"
"720x1280","https://i0.hdslb.com/bfs/sycp/ssa/default/201809/1a2414aaca0965d5a74974083e86a11f.png","https://www.bilibili.com/bangumi/play/ep480194","2022-04-22","2022-04-22","6980"
"720x1280","https://i0.hdslb.com/bfs/sycp/ssa/default/201809/1a2414aaca0965d5a74974083e86a11f.png","https://www.bilibili.com/blackboard/manga/activity-2Wr5wb3ysY.html?from=bilibili_zyw_sp","2022-04-23","2022-04-23","6981"
"720x1280","https://i0.hdslb.com/bfs/sycp/ssa/default/201809/1a2414aaca0965d5a74974083e86a11f.png","https://www.bilibili.com/bangumi/play/ss35209","2022-04-24","2022-04-24","6984"
"720x1280","https://i0.hdslb.com/bfs/sycp/creative_img/202204/3302feb456208278ab3407c5735295fc.jpg","https://www.bilibili.com/blackboard/activity-qwqr8h9X5.html?navhide=1?msource=shanping","2022-04-22","2022-04-22","6995"
"720x1280","https://i0.hdslb.com/bfs/sycp/creative_img/202204/2ee331b525235ec45f185f57c0d2ef32.jpg","https://www.biligame.com/detail/?id=105233&msource=1&source=trackadf_67fff63a8dfc4798bbf8e15932cc7a46&gameID=4616","2022-04-22","2022-04-22","6996"
"720x1280","https://i0.hdslb.com/bfs/sycp/ssa/default/201809/1a2414aaca0965d5a74974083e86a11f.png","https://www.bilibili.com/bangumi/play/ss39433","2022-04-24","2022-04-24","6997"
"720x1280","https://i0.hdslb.com/bfs/sycp/ssa/default/201809/1a2414aaca0965d5a74974083e86a11f.png","https://www.bilibili.com/bangumi/play/ss39433","2022-04-26","2022-04-26","6998"
"720x1280","https://i0.hdslb.com/bfs/sycp/ssa/default/201809/1a2414aaca0965d5a74974083e86a11f.png","https://www.bilibili.com/bangumi/play/ss39180","2022-04-25","2022-04-25","6999"
"720x1280","https://i0.hdslb.com/bfs/sycp/ssa/default/201809/1a2414aaca0965d5a74974083e86a11f.png","https://3.cn/106Nrfk-n","2022-04-22","2022-04-22","220"
"720x1280","https://i0.hdslb.com/bfs/sycp/creative_img/202204/3825b9a2ccf786e1ceebbb51daf911cf.jpg","https://app.biligame.com/page/detail_share.html?id=105233","2022-04-22","2022-04-22","7007"
"720x1280","https://i0.hdslb.com/bfs/sycp/creative_img/202204/a4e959bb8bf62414af11540e3a811896.png","https://www.bilibili.com/bangumi/play/ep479066","2022-04-23","2022-04-23","7081"
"750x1334","https://i0.hdslb.com/bfs/sycp/ssa/default/201809/1a2414aaca0965d5a74974083e86a11f.png","https://ccc-x.jd.com/dsp/tp?log=CHFeatc_M67X7nTMzVhu4v_Hs95TuokArLjd1ebfb8jqQZg6Tm_8Rnk0N9fcJ3M0MsWrosZuPlgsiY8xv_DYTlySpLifesIDVk2Vn3SRYwM&v=708&to=https%3A%2F%2Fpro.m.jd.com%2Fmall%2Factive%2F4VGiVLhuKtJp53fsUMFf2daTfL9v%2Findex.html%3FbabelChannel%3Dttt1&adt=25&dlid=1853_32787_null","2022-04-29","2022-04-29","6949"
"750x1334","https://i0.hdslb.com/bfs/sycp/ssa/default/201809/1a2414aaca0965d5a74974083e86a11f.png","https://ccc-x.jd.com/dsp/tp?log=gL4-CxQn7MqqD-8oW-wGj57h52a5HsJ8XYNQhniEXHtshx-BL8fq0MUhdebr0Vt0HlEdovYX3jyS3CmQWZyfzL5z_iGMo4irD4zhZNmzBfI&v=708&to=https%3A%2F%2Fpro.m.jd.com%2Fmall%2Factive%2F4VGiVLhuKtJp53fsUMFf2daTfL9v%2Findex.html%3FbabelChannel%3Dttt1&adt=25&dlid=1853_32788_null","2022-04-29","2022-04-29","6952"
"750x1334","https://i0.hdslb.com/bfs/sycp/ssa/default/201809/1a2414aaca0965d5a74974083e86a11f.png","https://ccc-x.jd.com/dsp/tp?log=u87joXueuH0yy9ysmEOW8csYwY1eq33sLb1DrZGkDrkJBzh2FpeDC1Ilk2A9f-LWVObbRMLqcPXIZQH5XNvxockaB2sVgX6Jv_eZ9yXZfRg&v=708&to=https%3A%2F%2Fpro.m.jd.com%2Fmall%2Factive%2F4VGiVLhuKtJp53fsUMFf2daTfL9v%2Findex.html%3FbabelChannel%3Dttt1&adt=25&dlid=1853_32789_null","2022-04-29","2022-04-29","6954"
"750x1334","https://i0.hdslb.com/bfs/sycp/ssa/default/201809/1a2414aaca0965d5a74974083e86a11f.png","https://www.bilibili.com/blackboard/activity-8O8ZmS4aIi.html","2022-04-24","2022-04-24","6969"
"750x1334","https://i0.hdslb.com/bfs/sycp/ssa/default/201809/1a2414aaca0965d5a74974083e86a11f.png","https://e.cn.miaozhen.com/r/k=2295643&p=89fZQ&dx=__IPDX__&rt=2&pro=s&ns=__IP__&ni=__IESID__&v=__LOC__&xa=__ADPLATFORM__&tr=__REQUESTID__&mo=__OS__&m0=__OPENUDID__&m0a=__DUID__&m1=__ANDROIDID1__&m1a=__ANDROIDID__&m2=__IMEI__&m4=__AAID__&m5=__IDFA__&m6=__MAC1__&m6a=__MAC__&m11=__OAID__&m14=__CAID__&m5a=__IDFV__&mn=__ANAME__&m5b=__IDFA1__&m11a=__OAID1__&m14a=__CAID1__&o=https://trace.rtbasia.com/tkp?rta_k=2nnDWBSuKX&utm_campaign=_rtc_fdf77ddb0a90a026&utm_source=bilibili&utm_content=BiliBili_OP&utm_medium=national&utm_term=CPT&device=Mobile&adtype=7&crtype=2&playmode=1&idfa=__IDFAMD5__&oaid=__OAIDMD5__&custid1=__REQUESTID__&os=__OS__&ua=__UA__&ts=__TS__&clientip=__IP__&forward=https%3A%2F%2Fwww.tiffany.cn%2Fengagement%2F%3Fomcid%3Ddis-cn_bilibili_op_2022le%26utm_medium%3Ddisplay-cn%26utm_source%3Dbilibili_op%26utm_campaign%3D2022le&sg=086babb8fda6ce2e427060801958a3e3&ord=1650528739466","2022-04-22","2022-04-22","6972"
"750x1334","https://i0.hdslb.com/bfs/sycp/creative_img/202204/3b090a7eeaa6672b5767fd477b06dc5e.jpg","https://lululemon.m.tmall.com/","2022-04-25","2022-04-25","6973"
"750x1334","https://i0.hdslb.com/bfs/sycp/ssa/default/201809/1a2414aaca0965d5a74974083e86a11f.png","https://www.bilibili.com/bangumi/play/ep480194","2022-04-22","2022-04-22","6980"
"750x1334","https://i0.hdslb.com/bfs/sycp/ssa/default/201809/1a2414aaca0965d5a74974083e86a11f.png","https://www.bilibili.com/blackboard/manga/activity-2Wr5wb3ysY.html?from=bilibili_zyw_sp","2022-04-23","2022-04-23","6981"
"750x1334","https://i0.hdslb.com/bfs/sycp/ssa/default/201809/1a2414aaca0965d5a74974083e86a11f.png","https://www.bilibili.com/bangumi/play/ss35209","2022-04-24","2022-04-24","6984"
"750x1334","https://i0.hdslb.com/bfs/sycp/creative_img/202204/4a1ea599e7152aec89406e515fc63c00.jpg","https://www.bilibili.com/blackboard/activity-qwqr8h9X5.html?navhide=1?msource=shanping","2022-04-22","2022-04-22","6995"
"750x1334","https://i0.hdslb.com/bfs/sycp/creative_img/202204/943b402200f22b10a12ca0e6d805d32c.jpg","https://www.biligame.com/detail/?id=105233","2022-04-22","2022-04-22","6996"
"750x1334","https://i0.hdslb.com/bfs/sycp/ssa/default/201809/1a2414aaca0965d5a74974083e86a11f.png","https://www.bilibili.com/bangumi/play/ss39433","2022-04-24","2022-04-24","6997"
"750x1334","https://i0.hdslb.com/bfs/sycp/ssa/default/201809/1a2414aaca0965d5a74974083e86a11f.png","https://www.bilibili.com/bangumi/play/ss39433","2022-04-26","2022-04-26","6998"
"750x1334","https://i0.hdslb.com/bfs/sycp/ssa/default/201809/1a2414aaca0965d5a74974083e86a11f.png","https://www.bilibili.com/bangumi/play/ss39180","2022-04-25","2022-04-25","6999"
"750x1334","https://i0.hdslb.com/bfs/sycp/ssa/default/201809/1a2414aaca0965d5a74974083e86a11f.png","https://3.cn/106Nrfk-n","2022-04-22","2022-04-22","220"
"750x1334","https://i0.hdslb.com/bfs/sycp/creative_img/202204/c3f1d117d799c7918870c08fc789b0e7.jpg","https://webstatic.ys4fun.com/skzy/act/a0422/index.html?gameId=3&mediaId=39&subId=M02000000","2022-04-22","2022-04-22","7007"
"750x1334","https://i0.hdslb.com/bfs/sycp/creative_img/202204/22a175e97b220696727c2ec146725f9a.png","https://www.bilibili.com/bangumi/play/ep479066","2022-04-23","2022-04-23","7081"
"768x976","https://i0.hdslb.com/bfs/sycp/ssa/default/201809/1a2414aaca0965d5a74974083e86a11f.png","https://ccc-x.jd.com/dsp/tp?log=CHFeatc_M67X7nTMzVhu4v_Hs95TuokArLjd1ebfb8jqQZg6Tm_8Rnk0N9fcJ3M0MsWrosZuPlgsiY8xv_DYTlySpLifesIDVk2Vn3SRYwM&v=708&to=https%3A%2F%2Fpro.m.jd.com%2Fmall%2Factive%2F4VGiVLhuKtJp53fsUMFf2daTfL9v%2Findex.html%3FbabelChannel%3Dttt1&adt=25&dlid=1853_32787_null","2022-04-29","2022-04-29","6949"
"768x976","https://i0.hdslb.com/bfs/sycp/ssa/default/201809/1a2414aaca0965d5a74974083e86a11f.png","https://ccc-x.jd.com/dsp/tp?log=gL4-CxQn7MqqD-8oW-wGj57h52a5HsJ8XYNQhniEXHtshx-BL8fq0MUhdebr0Vt0HlEdovYX3jyS3CmQWZyfzL5z_iGMo4irD4zhZNmzBfI&v=708&to=https%3A%2F%2Fpro.m.jd.com%2Fmall%2Factive%2F4VGiVLhuKtJp53fsUMFf2daTfL9v%2Findex.html%3FbabelChannel%3Dttt1&adt=25&dlid=1853_32788_null","2022-04-29","2022-04-29","6952"
"768x976","https://i0.hdslb.com/bfs/sycp/ssa/default/201809/1a2414aaca0965d5a74974083e86a11f.png","https://ccc-x.jd.com/dsp/tp?log=u87joXueuH0yy9ysmEOW8csYwY1eq33sLb1DrZGkDrkJBzh2FpeDC1Ilk2A9f-LWVObbRMLqcPXIZQH5XNvxockaB2sVgX6Jv_eZ9yXZfRg&v=708&to=https%3A%2F%2Fpro.m.jd.com%2Fmall%2Factive%2F4VGiVLhuKtJp53fsUMFf2daTfL9v%2Findex.html%3FbabelChannel%3Dttt1&adt=25&dlid=1853_32789_null","2022-04-29","2022-04-29","6954"
"768x976","https://i0.hdslb.com/bfs/sycp/ssa/default/201809/1a2414aaca0965d5a74974083e86a11f.png","https://www.bilibili.com/blackboard/activity-8O8ZmS4aIi.html","2022-04-24","2022-04-24","6969"
"768x976","https://i0.hdslb.com/bfs/sycp/ssa/default/201809/1a2414aaca0965d5a74974083e86a11f.png","https://e.cn.miaozhen.com/r/k=2295643&p=89fZQ&dx=__IPDX__&rt=2&pro=s&ns=__IP__&ni=__IESID__&v=__LOC__&xa=__ADPLATFORM__&tr=__REQUESTID__&mo=__OS__&m0=__OPENUDID__&m0a=__DUID__&m1=__ANDROIDID1__&m1a=__ANDROIDID__&m2=__IMEI__&m4=__AAID__&m5=__IDFA__&m6=__MAC1__&m6a=__MAC__&m11=__OAID__&m14=__CAID__&m5a=__IDFV__&mn=__ANAME__&m5b=__IDFA1__&m11a=__OAID1__&m14a=__CAID1__&o=https://trace.rtbasia.com/tkp?rta_k=2nnDWBSuKX&utm_campaign=_rtc_fdf77ddb0a90a026&utm_source=bilibili&utm_content=BiliBili_OP&utm_medium=national&utm_term=CPT&device=Mobile&adtype=7&crtype=2&playmode=1&idfa=__IDFAMD5__&oaid=__OAIDMD5__&custid1=__REQUESTID__&os=__OS__&ua=__UA__&ts=__TS__&clientip=__IP__&forward=https%3A%2F%2Fwww.tiffany.cn%2Fengagement%2F%3Fomcid%3Ddis-cn_bilibili_op_2022le%26utm_medium%3Ddisplay-cn%26utm_source%3Dbilibili_op%26utm_campaign%3D2022le&sg=086babb8fda6ce2e427060801958a3e3&ord=1650528739466","2022-04-22","2022-04-22","6972"
"768x976","https://i0.hdslb.com/bfs/sycp/creative_img/202204/4c8bb73b6b5c160cb03daddc326d5480.jpg","https://lululemon.m.tmall.com/","2022-04-25","2022-04-25","6973"
"768x976","https://i0.hdslb.com/bfs/sycp/ssa/default/201809/1a2414aaca0965d5a74974083e86a11f.png","https://www.bilibili.com/bangumi/play/ep480194","2022-04-22","2022-04-22","6980"
"768x976","https://i0.hdslb.com/bfs/sycp/ssa/default/201809/1a2414aaca0965d5a74974083e86a11f.png","https://www.bilibili.com/blackboard/manga/activity-2Wr5wb3ysY.html?from=bilibili_zyw_sp","2022-04-23","2022-04-23","6981"
"768x976","https://i0.hdslb.com/bfs/sycp/ssa/default/201809/1a2414aaca0965d5a74974083e86a11f.png","https://www.bilibili.com/bangumi/play/ss35209","2022-04-24","2022-04-24","6984"
"768x976","https://i0.hdslb.com/bfs/sycp/creative_img/202204/1046d34cb6df4122f90d66cdf3d7777d.jpg","https://www.bilibili.com/blackboard/activity-qwqr8h9X5.html?navhide=1?msource=shanping","2022-04-22","2022-04-22","6995"
"768x976","https://i0.hdslb.com/bfs/sycp/creative_img/202204/9212ddb757e79c8059ad1d72e9516214.jpg","https://www.biligame.com/detail/?id=105233&msource=1&source=trackadf_67fff63a8dfc4798bbf8e15932cc7a46&gameID=4616","2022-04-22","2022-04-22","6996"
"768x976","https://i0.hdslb.com/bfs/sycp/ssa/default/201809/1a2414aaca0965d5a74974083e86a11f.png","https://www.bilibili.com/bangumi/play/ss39433","2022-04-24","2022-04-24","6997"
"768x976","https://i0.hdslb.com/bfs/sycp/ssa/default/201809/1a2414aaca0965d5a74974083e86a11f.png","https://www.bilibili.com/bangumi/play/ss39433","2022-04-26","2022-04-26","6998"
"768x976","https://i0.hdslb.com/bfs/sycp/ssa/default/201809/1a2414aaca0965d5a74974083e86a11f.png","https://www.bilibili.com/bangumi/play/ss39180","2022-04-25","2022-04-25","6999"
"768x976","https://i0.hdslb.com/bfs/sycp/ssa/default/201809/1a2414aaca0965d5a74974083e86a11f.png","https://3.cn/106Nrfk-n","2022-04-22","2022-04-22","220"
"768x976","https://i0.hdslb.com/bfs/sycp/creative_img/202204/cf82a8d8354b6e2b61d25b4d9cff7857.jpg","https://app.biligame.com/page/detail_share.html?id=105233","2022-04-22","2022-04-22","7007"
"768x976","https://i0.hdslb.com/bfs/sycp/creative_img/202204/90abcbda4a49c365f2e81223df703832.png","https://www.bilibili.com/bangumi/play/ep479066","2022-04-23","2022-04-23","7081"
"768x1024","https://i0.hdslb.com/bfs/sycp/ssa/default/201809/1a2414aaca0965d5a74974083e86a11f.png","https://ccc-x.jd.com/dsp/tp?log=CHFeatc_M67X7nTMzVhu4v_Hs95TuokArLjd1ebfb8jqQZg6Tm_8Rnk0N9fcJ3M0MsWrosZuPlgsiY8xv_DYTlySpLifesIDVk2Vn3SRYwM&v=708&to=https%3A%2F%2Fpro.m.jd.com%2Fmall%2Factive%2F4VGiVLhuKtJp53fsUMFf2daTfL9v%2Findex.html%3FbabelChannel%3Dttt1&adt=25&dlid=1853_32787_null","2022-04-29","2022-04-29","6949"
"768x1024","https://i0.hdslb.com/bfs/sycp/ssa/default/201809/1a2414aaca0965d5a74974083e86a11f.png","https://ccc-x.jd.com/dsp/tp?log=gL4-CxQn7MqqD-8oW-wGj57h52a5HsJ8XYNQhniEXHtshx-BL8fq0MUhdebr0Vt0HlEdovYX3jyS3CmQWZyfzL5z_iGMo4irD4zhZNmzBfI&v=708&to=https%3A%2F%2Fpro.m.jd.com%2Fmall%2Factive%2F4VGiVLhuKtJp53fsUMFf2daTfL9v%2Findex.html%3FbabelChannel%3Dttt1&adt=25&dlid=1853_32788_null","2022-04-29","2022-04-29","6952"
"768x1024","https://i0.hdslb.com/bfs/sycp/ssa/default/201809/1a2414aaca0965d5a74974083e86a11f.png","https://ccc-x.jd.com/dsp/tp?log=u87joXueuH0yy9ysmEOW8csYwY1eq33sLb1DrZGkDrkJBzh2FpeDC1Ilk2A9f-LWVObbRMLqcPXIZQH5XNvxockaB2sVgX6Jv_eZ9yXZfRg&v=708&to=https%3A%2F%2Fpro.m.jd.com%2Fmall%2Factive%2F4VGiVLhuKtJp53fsUMFf2daTfL9v%2Findex.html%3FbabelChannel%3Dttt1&adt=25&dlid=1853_32789_null","2022-04-29","2022-04-29","6954"
"768x1024","https://i0.hdslb.com/bfs/sycp/ssa/default/201809/1a2414aaca0965d5a74974083e86a11f.png","https://www.bilibili.com/blackboard/activity-8O8ZmS4aIi.html","2022-04-24","2022-04-24","6969"
"768x1024","https://i0.hdslb.com/bfs/sycp/ssa/default/201809/1a2414aaca0965d5a74974083e86a11f.png","https://e.cn.miaozhen.com/r/k=2295643&p=89fZQ&dx=__IPDX__&rt=2&pro=s&ns=__IP__&ni=__IESID__&v=__LOC__&xa=__ADPLATFORM__&tr=__REQUESTID__&mo=__OS__&m0=__OPENUDID__&m0a=__DUID__&m1=__ANDROIDID1__&m1a=__ANDROIDID__&m2=__IMEI__&m4=__AAID__&m5=__IDFA__&m6=__MAC1__&m6a=__MAC__&m11=__OAID__&m14=__CAID__&m5a=__IDFV__&mn=__ANAME__&m5b=__IDFA1__&m11a=__OAID1__&m14a=__CAID1__&o=https://trace.rtbasia.com/tkp?rta_k=2nnDWBSuKX&utm_campaign=_rtc_fdf77ddb0a90a026&utm_source=bilibili&utm_content=BiliBili_OP&utm_medium=national&utm_term=CPT&device=Mobile&adtype=7&crtype=2&playmode=1&idfa=__IDFAMD5__&oaid=__OAIDMD5__&custid1=__REQUESTID__&os=__OS__&ua=__UA__&ts=__TS__&clientip=__IP__&forward=https%3A%2F%2Fwww.tiffany.cn%2Fengagement%2F%3Fomcid%3Ddis-cn_bilibili_op_2022le%26utm_medium%3Ddisplay-cn%26utm_source%3Dbilibili_op%26utm_campaign%3D2022le&sg=086babb8fda6ce2e427060801958a3e3&ord=1650528739466","2022-04-22","2022-04-22","6972"
"768x1024","https://i0.hdslb.com/bfs/sycp/creative_img/202204/5b57d651183822dd9f9956f60b0e8fb0.jpg","https://lululemon.m.tmall.com/","2022-04-25","2022-04-25","6973"
"768x1024","https://i0.hdslb.com/bfs/sycp/ssa/default/201809/1a2414aaca0965d5a74974083e86a11f.png","https://www.bilibili.com/bangumi/play/ep480194","2022-04-22","2022-04-22","6980"
"768x1024","https://i0.hdslb.com/bfs/sycp/ssa/default/201809/1a2414aaca0965d5a74974083e86a11f.png","https://www.bilibili.com/blackboard/manga/activity-2Wr5wb3ysY.html?from=bilibili_zyw_sp","2022-04-23","2022-04-23","6981"
"768x1024","https://i0.hdslb.com/bfs/sycp/ssa/default/201809/1a2414aaca0965d5a74974083e86a11f.png","https://www.bilibili.com/bangumi/play/ss35209","2022-04-24","2022-04-24","6984"
"768x1024","https://i0.hdslb.com/bfs/sycp/creative_img/202204/f83ef7545376aa807f423c4a39162251.jpg","https://www.bilibili.com/blackboard/activity-qwqr8h9X5.html?navhide=1?msource=shanping","2022-04-22","2022-04-22","6995"
"768x1024","https://i0.hdslb.com/bfs/sycp/creative_img/202204/d0dd3efb92b015b71fa87f72bf1003f4.jpg","https://www.biligame.com/detail/?id=105233&msource=1&source=trackadf_67fff63a8dfc4798bbf8e15932cc7a46&gameID=4616","2022-04-22","2022-04-22","6996"
"768x1024","https://i0.hdslb.com/bfs/sycp/ssa/default/201809/1a2414aaca0965d5a74974083e86a11f.png","https://www.bilibili.com/bangumi/play/ss39433","2022-04-24","2022-04-24","6997"
"768x1024","https://i0.hdslb.com/bfs/sycp/ssa/default/201809/1a2414aaca0965d5a74974083e86a11f.png","https://www.bilibili.com/bangumi/play/ss39433","2022-04-26","2022-04-26","6998"
"768x1024","https://i0.hdslb.com/bfs/sycp/ssa/default/201809/1a2414aaca0965d5a74974083e86a11f.png","https://www.bilibili.com/bangumi/play/ss39180","2022-04-25","2022-04-25","6999"
"768x1024","https://i0.hdslb.com/bfs/sycp/ssa/default/201809/1a2414aaca0965d5a74974083e86a11f.png","https://3.cn/106Nrfk-n","2022-04-22","2022-04-22","220"
"768x1024","https://i0.hdslb.com/bfs/sycp/creative_img/202204/cb03632d0714169354ac2603d5b9f24b.jpg","https://app.biligame.com/page/detail_share.html?id=105233","2022-04-22","2022-04-22","7007"
"768x1024","https://i0.hdslb.com/bfs/sycp/creative_img/202204/06ceff1601cdd9fcdab5adee9e6faa5e.png","https://www.bilibili.com/bangumi/play/ep479066","2022-04-23","2022-04-23","7081"
"768x1280","https://i0.hdslb.com/bfs/sycp/ssa/default/201809/1a2414aaca0965d5a74974083e86a11f.png","https://ccc-x.jd.com/dsp/tp?log=CHFeatc_M67X7nTMzVhu4v_Hs95TuokArLjd1ebfb8jqQZg6Tm_8Rnk0N9fcJ3M0MsWrosZuPlgsiY8xv_DYTlySpLifesIDVk2Vn3SRYwM&v=708&to=https%3A%2F%2Fpro.m.jd.com%2Fmall%2Factive%2F4VGiVLhuKtJp53fsUMFf2daTfL9v%2Findex.html%3FbabelChannel%3Dttt1&adt=25&dlid=1853_32787_null","2022-04-29","2022-04-29","6949"
"768x1280","https://i0.hdslb.com/bfs/sycp/ssa/default/201809/1a2414aaca0965d5a74974083e86a11f.png","https://ccc-x.jd.com/dsp/tp?log=gL4-CxQn7MqqD-8oW-wGj57h52a5HsJ8XYNQhniEXHtshx-BL8fq0MUhdebr0Vt0HlEdovYX3jyS3CmQWZyfzL5z_iGMo4irD4zhZNmzBfI&v=708&to=https%3A%2F%2Fpro.m.jd.com%2Fmall%2Factive%2F4VGiVLhuKtJp53fsUMFf2daTfL9v%2Findex.html%3FbabelChannel%3Dttt1&adt=25&dlid=1853_32788_null","2022-04-29","2022-04-29","6952"
"768x1280","https://i0.hdslb.com/bfs/sycp/ssa/default/201809/1a2414aaca0965d5a74974083e86a11f.png","https://ccc-x.jd.com/dsp/tp?log=u87joXueuH0yy9ysmEOW8csYwY1eq33sLb1DrZGkDrkJBzh2FpeDC1Ilk2A9f-LWVObbRMLqcPXIZQH5XNvxockaB2sVgX6Jv_eZ9yXZfRg&v=708&to=https%3A%2F%2Fpro.m.jd.com%2Fmall%2Factive%2F4VGiVLhuKtJp53fsUMFf2daTfL9v%2Findex.html%3FbabelChannel%3Dttt1&adt=25&dlid=1853_32789_null","2022-04-29","2022-04-29","6954"
"768x1280","https://i0.hdslb.com/bfs/sycp/ssa/default/201809/1a2414aaca0965d5a74974083e86a11f.png","https://www.bilibili.com/blackboard/activity-8O8ZmS4aIi.html","2022-04-24","2022-04-24","6969"
"768x1280","https://i0.hdslb.com/bfs/sycp/ssa/default/201809/1a2414aaca0965d5a74974083e86a11f.png","https://e.cn.miaozhen.com/r/k=2295643&p=89fZQ&dx=__IPDX__&rt=2&pro=s&ns=__IP__&ni=__IESID__&v=__LOC__&xa=__ADPLATFORM__&tr=__REQUESTID__&mo=__OS__&m0=__OPENUDID__&m0a=__DUID__&m1=__ANDROIDID1__&m1a=__ANDROIDID__&m2=__IMEI__&m4=__AAID__&m5=__IDFA__&m6=__MAC1__&m6a=__MAC__&m11=__OAID__&m14=__CAID__&m5a=__IDFV__&mn=__ANAME__&m5b=__IDFA1__&m11a=__OAID1__&m14a=__CAID1__&o=https://trace.rtbasia.com/tkp?rta_k=2nnDWBSuKX&utm_campaign=_rtc_fdf77ddb0a90a026&utm_source=bilibili&utm_content=BiliBili_OP&utm_medium=national&utm_term=CPT&device=Mobile&adtype=7&crtype=2&playmode=1&idfa=__IDFAMD5__&oaid=__OAIDMD5__&custid1=__REQUESTID__&os=__OS__&ua=__UA__&ts=__TS__&clientip=__IP__&forward=https%3A%2F%2Fwww.tiffany.cn%2Fengagement%2F%3Fomcid%3Ddis-cn_bilibili_op_2022le%26utm_medium%3Ddisplay-cn%26utm_source%3Dbilibili_op%26utm_campaign%3D2022le&sg=086babb8fda6ce2e427060801958a3e3&ord=1650528739466","2022-04-22","2022-04-22","6972"
"768x1280","https://i0.hdslb.com/bfs/sycp/creative_img/202204/c0c1339eff214685ec0c9d9f514af454.jpg","https://lululemon.m.tmall.com/","2022-04-25","2022-04-25","6973"
"768x1280","https://i0.hdslb.com/bfs/sycp/ssa/default/201809/1a2414aaca0965d5a74974083e86a11f.png","https://www.bilibili.com/bangumi/play/ep480194","2022-04-22","2022-04-22","6980"
"768x1280","https://i0.hdslb.com/bfs/sycp/ssa/default/201809/1a2414aaca0965d5a74974083e86a11f.png","https://www.bilibili.com/blackboard/manga/activity-2Wr5wb3ysY.html?from=bilibili_zyw_sp","2022-04-23","2022-04-23","6981"
"768x1280","https://i0.hdslb.com/bfs/sycp/ssa/default/201809/1a2414aaca0965d5a74974083e86a11f.png","https://www.bilibili.com/bangumi/play/ss35209","2022-04-24","2022-04-24","6984"
"768x1280","https://i0.hdslb.com/bfs/sycp/creative_img/202204/36449e2b10b15f083bf40b584a17cb23.jpg","https://www.bilibili.com/blackboard/activity-qwqr8h9X5.html?navhide=1?msource=shanping","2022-04-22","2022-04-22","6995"
"768x1280","https://i0.hdslb.com/bfs/sycp/creative_img/202204/789bf75610547f89036163d34987d2ea.jpg","https://www.biligame.com/detail/?id=105233&msource=1&source=trackadf_67fff63a8dfc4798bbf8e15932cc7a46&gameID=4616","2022-04-22","2022-04-22","6996"
"768x1280","https://i0.hdslb.com/bfs/sycp/ssa/default/201809/1a2414aaca0965d5a74974083e86a11f.png","https://www.bilibili.com/bangumi/play/ss39433","2022-04-24","2022-04-24","6997"
"768x1280","https://i0.hdslb.com/bfs/sycp/ssa/default/201809/1a2414aaca0965d5a74974083e86a11f.png","https://www.bilibili.com/bangumi/play/ss39433","2022-04-26","2022-04-26","6998"
"768x1280","https://i0.hdslb.com/bfs/sycp/ssa/default/201809/1a2414aaca0965d5a74974083e86a11f.png","https://www.bilibili.com/bangumi/play/ss39180","2022-04-25","2022-04-25","6999"
"768x1280","https://i0.hdslb.com/bfs/sycp/ssa/default/201809/1a2414aaca0965d5a74974083e86a11f.png","https://3.cn/106Nrfk-n","2022-04-22","2022-04-22","220"
"768x1280","https://i0.hdslb.com/bfs/sycp/creative_img/202204/145f1ea3543b2205d17b9de79c0c0e3e.jpg","https://app.biligame.com/page/detail_share.html?id=105233","2022-04-22","2022-04-22","7007"
"768x1280","https://i0.hdslb.com/bfs/sycp/creative_img/202204/a9394a5d863c1eb5557c9aca7033c7ac.png","https://www.bilibili.com/bangumi/play/ep479066","2022-04-23","2022-04-23","7081"
"800x1216","https://i0.hdslb.com/bfs/sycp/ssa/default/201809/1a2414aaca0965d5a74974083e86a11f.png","https://ccc-x.jd.com/dsp/tp?log=CHFeatc_M67X7nTMzVhu4v_Hs95TuokArLjd1ebfb8jqQZg6Tm_8Rnk0N9fcJ3M0MsWrosZuPlgsiY8xv_DYTlySpLifesIDVk2Vn3SRYwM&v=708&to=https%3A%2F%2Fpro.m.jd.com%2Fmall%2Factive%2F4VGiVLhuKtJp53fsUMFf2daTfL9v%2Findex.html%3FbabelChannel%3Dttt1&adt=25&dlid=1853_32787_null","2022-04-29","2022-04-29","6949"
"800x1216","https://i0.hdslb.com/bfs/sycp/ssa/default/201809/1a2414aaca0965d5a74974083e86a11f.png","https://ccc-x.jd.com/dsp/tp?log=gL4-CxQn7MqqD-8oW-wGj57h52a5HsJ8XYNQhniEXHtshx-BL8fq0MUhdebr0Vt0HlEdovYX3jyS3CmQWZyfzL5z_iGMo4irD4zhZNmzBfI&v=708&to=https%3A%2F%2Fpro.m.jd.com%2Fmall%2Factive%2F4VGiVLhuKtJp53fsUMFf2daTfL9v%2Findex.html%3FbabelChannel%3Dttt1&adt=25&dlid=1853_32788_null","2022-04-29","2022-04-29","6952"
"800x1216","https://i0.hdslb.com/bfs/sycp/ssa/default/201809/1a2414aaca0965d5a74974083e86a11f.png","https://ccc-x.jd.com/dsp/tp?log=u87joXueuH0yy9ysmEOW8csYwY1eq33sLb1DrZGkDrkJBzh2FpeDC1Ilk2A9f-LWVObbRMLqcPXIZQH5XNvxockaB2sVgX6Jv_eZ9yXZfRg&v=708&to=https%3A%2F%2Fpro.m.jd.com%2Fmall%2Factive%2F4VGiVLhuKtJp53fsUMFf2daTfL9v%2Findex.html%3FbabelChannel%3Dttt1&adt=25&dlid=1853_32789_null","2022-04-29","2022-04-29","6954"
"800x1216","https://i0.hdslb.com/bfs/sycp/ssa/default/201809/1a2414aaca0965d5a74974083e86a11f.png","https://www.bilibili.com/blackboard/activity-8O8ZmS4aIi.html","2022-04-24","2022-04-24","6969"
"800x1216","https://i0.hdslb.com/bfs/sycp/ssa/default/201809/1a2414aaca0965d5a74974083e86a11f.png","https://e.cn.miaozhen.com/r/k=2295643&p=89fZQ&dx=__IPDX__&rt=2&pro=s&ns=__IP__&ni=__IESID__&v=__LOC__&xa=__ADPLATFORM__&tr=__REQUESTID__&mo=__OS__&m0=__OPENUDID__&m0a=__DUID__&m1=__ANDROIDID1__&m1a=__ANDROIDID__&m2=__IMEI__&m4=__AAID__&m5=__IDFA__&m6=__MAC1__&m6a=__MAC__&m11=__OAID__&m14=__CAID__&m5a=__IDFV__&mn=__ANAME__&m5b=__IDFA1__&m11a=__OAID1__&m14a=__CAID1__&o=https://trace.rtbasia.com/tkp?rta_k=2nnDWBSuKX&utm_campaign=_rtc_fdf77ddb0a90a026&utm_source=bilibili&utm_content=BiliBili_OP&utm_medium=national&utm_term=CPT&device=Mobile&adtype=7&crtype=2&playmode=1&idfa=__IDFAMD5__&oaid=__OAIDMD5__&custid1=__REQUESTID__&os=__OS__&ua=__UA__&ts=__TS__&clientip=__IP__&forward=https%3A%2F%2Fwww.tiffany.cn%2Fengagement%2F%3Fomcid%3Ddis-cn_bilibili_op_2022le%26utm_medium%3Ddisplay-cn%26utm_source%3Dbilibili_op%26utm_campaign%3D2022le&sg=086babb8fda6ce2e427060801958a3e3&ord=1650528739466","2022-04-22","2022-04-22","6972"
"800x1216","https://i0.hdslb.com/bfs/sycp/creative_img/202204/37ceba22aa5cda1f6747fe5fabd26861.jpg","https://lululemon.m.tmall.com/","2022-04-25","2022-04-25","6973"
"800x1216","https://i0.hdslb.com/bfs/sycp/ssa/default/201809/1a2414aaca0965d5a74974083e86a11f.png","https://www.bilibili.com/bangumi/play/ep480194","2022-04-22","2022-04-22","6980"
"800x1216","https://i0.hdslb.com/bfs/sycp/ssa/default/201809/1a2414aaca0965d5a74974083e86a11f.png","https://www.bilibili.com/blackboard/manga/activity-2Wr5wb3ysY.html?from=bilibili_zyw_sp","2022-04-23","2022-04-23","6981"
"800x1216","https://i0.hdslb.com/bfs/sycp/ssa/default/201809/1a2414aaca0965d5a74974083e86a11f.png","https://www.bilibili.com/bangumi/play/ss35209","2022-04-24","2022-04-24","6984"
"800x1216","https://i0.hdslb.com/bfs/sycp/creative_img/202204/45a0d44d239452aba5e76a5c4bbb636f.jpg","https://www.bilibili.com/blackboard/activity-qwqr8h9X5.html?navhide=1?msource=shanping","2022-04-22","2022-04-22","6995"
"800x1216","https://i0.hdslb.com/bfs/sycp/creative_img/202204/f3c8cbeceb4dc386a754cdb5e10838d6.jpg","https://www.biligame.com/detail/?id=105233&msource=1&source=trackadf_67fff63a8dfc4798bbf8e15932cc7a46&gameID=4616","2022-04-22","2022-04-22","6996"
"800x1216","https://i0.hdslb.com/bfs/sycp/ssa/default/201809/1a2414aaca0965d5a74974083e86a11f.png","https://www.bilibili.com/bangumi/play/ss39433","2022-04-24","2022-04-24","6997"
"800x1216","https://i0.hdslb.com/bfs/sycp/ssa/default/201809/1a2414aaca0965d5a74974083e86a11f.png","https://www.bilibili.com/bangumi/play/ss39433","2022-04-26","2022-04-26","6998"
"800x1216","https://i0.hdslb.com/bfs/sycp/ssa/default/201809/1a2414aaca0965d5a74974083e86a11f.png","https://www.bilibili.com/bangumi/play/ss39180","2022-04-25","2022-04-25","6999"
"800x1216","https://i0.hdslb.com/bfs/sycp/ssa/default/201809/1a2414aaca0965d5a74974083e86a11f.png","https://3.cn/106Nrfk-n","2022-04-22","2022-04-22","220"
"800x1216","https://i0.hdslb.com/bfs/sycp/creative_img/202204/cb3494d2801e9b9c84194692cf9c4f72.jpg","https://app.biligame.com/page/detail_share.html?id=105233","2022-04-22","2022-04-22","7007"
"800x1216","https://i0.hdslb.com/bfs/sycp/creative_img/202204/b0ec4e9c0f2b4123f4d2cf9ea15d4c30.png","https://www.bilibili.com/bangumi/play/ep479066","2022-04-23","2022-04-23","7081"
"800x1232","https://i0.hdslb.com/bfs/sycp/ssa/default/201809/1a2414aaca0965d5a74974083e86a11f.png","https://ccc-x.jd.com/dsp/tp?log=CHFeatc_M67X7nTMzVhu4v_Hs95TuokArLjd1ebfb8jqQZg6Tm_8Rnk0N9fcJ3M0MsWrosZuPlgsiY8xv_DYTlySpLifesIDVk2Vn3SRYwM&v=708&to=https%3A%2F%2Fpro.m.jd.com%2Fmall%2Factive%2F4VGiVLhuKtJp53fsUMFf2daTfL9v%2Findex.html%3FbabelChannel%3Dttt1&adt=25&dlid=1853_32787_null","2022-04-29","2022-04-29","6949"
"800x1232","https://i0.hdslb.com/bfs/sycp/ssa/default/201809/1a2414aaca0965d5a74974083e86a11f.png","https://ccc-x.jd.com/dsp/tp?log=gL4-CxQn7MqqD-8oW-wGj57h52a5HsJ8XYNQhniEXHtshx-BL8fq0MUhdebr0Vt0HlEdovYX3jyS3CmQWZyfzL5z_iGMo4irD4zhZNmzBfI&v=708&to=https%3A%2F%2Fpro.m.jd.com%2Fmall%2Factive%2F4VGiVLhuKtJp53fsUMFf2daTfL9v%2Findex.html%3FbabelChannel%3Dttt1&adt=25&dlid=1853_32788_null","2022-04-29","2022-04-29","6952"
"800x1232","https://i0.hdslb.com/bfs/sycp/ssa/default/201809/1a2414aaca0965d5a74974083e86a11f.png","https://ccc-x.jd.com/dsp/tp?log=u87joXueuH0yy9ysmEOW8csYwY1eq33sLb1DrZGkDrkJBzh2FpeDC1Ilk2A9f-LWVObbRMLqcPXIZQH5XNvxockaB2sVgX6Jv_eZ9yXZfRg&v=708&to=https%3A%2F%2Fpro.m.jd.com%2Fmall%2Factive%2F4VGiVLhuKtJp53fsUMFf2daTfL9v%2Findex.html%3FbabelChannel%3Dttt1&adt=25&dlid=1853_32789_null","2022-04-29","2022-04-29","6954"
"800x1232","https://i0.hdslb.com/bfs/sycp/ssa/default/201809/1a2414aaca0965d5a74974083e86a11f.png","https://www.bilibili.com/blackboard/activity-8O8ZmS4aIi.html","2022-04-24","2022-04-24","6969"
"800x1232","https://i0.hdslb.com/bfs/sycp/ssa/default/201809/1a2414aaca0965d5a74974083e86a11f.png","https://e.cn.miaozhen.com/r/k=2295643&p=89fZQ&dx=__IPDX__&rt=2&pro=s&ns=__IP__&ni=__IESID__&v=__LOC__&xa=__ADPLATFORM__&tr=__REQUESTID__&mo=__OS__&m0=__OPENUDID__&m0a=__DUID__&m1=__ANDROIDID1__&m1a=__ANDROIDID__&m2=__IMEI__&m4=__AAID__&m5=__IDFA__&m6=__MAC1__&m6a=__MAC__&m11=__OAID__&m14=__CAID__&m5a=__IDFV__&mn=__ANAME__&m5b=__IDFA1__&m11a=__OAID1__&m14a=__CAID1__&o=https://trace.rtbasia.com/tkp?rta_k=2nnDWBSuKX&utm_campaign=_rtc_fdf77ddb0a90a026&utm_source=bilibili&utm_content=BiliBili_OP&utm_medium=national&utm_term=CPT&device=Mobile&adtype=7&crtype=2&playmode=1&idfa=__IDFAMD5__&oaid=__OAIDMD5__&custid1=__REQUESTID__&os=__OS__&ua=__UA__&ts=__TS__&clientip=__IP__&forward=https%3A%2F%2Fwww.tiffany.cn%2Fengagement%2F%3Fomcid%3Ddis-cn_bilibili_op_2022le%26utm_medium%3Ddisplay-cn%26utm_source%3Dbilibili_op%26utm_campaign%3D2022le&sg=086babb8fda6ce2e427060801958a3e3&ord=1650528739466","2022-04-22","2022-04-22","6972"
"800x1232","https://i0.hdslb.com/bfs/sycp/creative_img/202204/8340dd475f36aac723ad23c221c2b323.jpg","https://lululemon.m.tmall.com/","2022-04-25","2022-04-25","6973"
"800x1232","https://i0.hdslb.com/bfs/sycp/ssa/default/201809/1a2414aaca0965d5a74974083e86a11f.png","https://www.bilibili.com/bangumi/play/ep480194","2022-04-22","2022-04-22","6980"
"800x1232","https://i0.hdslb.com/bfs/sycp/ssa/default/201809/1a2414aaca0965d5a74974083e86a11f.png","https://www.bilibili.com/blackboard/manga/activity-2Wr5wb3ysY.html?from=bilibili_zyw_sp","2022-04-23","2022-04-23","6981"
"800x1232","https://i0.hdslb.com/bfs/sycp/ssa/default/201809/1a2414aaca0965d5a74974083e86a11f.png","https://www.bilibili.com/bangumi/play/ss35209","2022-04-24","2022-04-24","6984"
"800x1232","https://i0.hdslb.com/bfs/sycp/creative_img/202204/0124d08438bbe15fcbe8079b0cd904af.jpg","https://www.bilibili.com/blackboard/activity-qwqr8h9X5.html?navhide=1?msource=shanping","2022-04-22","2022-04-22","6995"
"800x1232","https://i0.hdslb.com/bfs/sycp/creative_img/202204/838ca5487acb34b42a42839681a3b195.jpg","https://www.biligame.com/detail/?id=105233&msource=1&source=trackadf_67fff63a8dfc4798bbf8e15932cc7a46&gameID=4616","2022-04-22","2022-04-22","6996"
"800x1232","https://i0.hdslb.com/bfs/sycp/ssa/default/201809/1a2414aaca0965d5a74974083e86a11f.png","https://www.bilibili.com/bangumi/play/ss39433","2022-04-24","2022-04-24","6997"
"800x1232","https://i0.hdslb.com/bfs/sycp/ssa/default/201809/1a2414aaca0965d5a74974083e86a11f.png","https://www.bilibili.com/bangumi/play/ss39433","2022-04-26","2022-04-26","6998"
"800x1232","https://i0.hdslb.com/bfs/sycp/ssa/default/201809/1a2414aaca0965d5a74974083e86a11f.png","https://www.bilibili.com/bangumi/play/ss39180","2022-04-25","2022-04-25","6999"
"800x1232","https://i0.hdslb.com/bfs/sycp/ssa/default/201809/1a2414aaca0965d5a74974083e86a11f.png","https://3.cn/106Nrfk-n","2022-04-22","2022-04-22","220"
"800x1232","https://i0.hdslb.com/bfs/sycp/creative_img/202204/c88bb9d35b868c6a38dc7c82cd8cf3db.jpg","https://app.biligame.com/page/detail_share.html?id=105233","2022-04-22","2022-04-22","7007"
"800x1232","https://i0.hdslb.com/bfs/sycp/creative_img/202204/773388ad0226b541af93ad70d98e1ab3.png","https://www.bilibili.com/bangumi/play/ep479066","2022-04-23","2022-04-23","7081"
"800x1280","https://i0.hdslb.com/bfs/sycp/ssa/default/201809/1a2414aaca0965d5a74974083e86a11f.png","https://ccc-x.jd.com/dsp/tp?log=CHFeatc_M67X7nTMzVhu4v_Hs95TuokArLjd1ebfb8jqQZg6Tm_8Rnk0N9fcJ3M0MsWrosZuPlgsiY8xv_DYTlySpLifesIDVk2Vn3SRYwM&v=708&to=https%3A%2F%2Fpro.m.jd.com%2Fmall%2Factive%2F4VGiVLhuKtJp53fsUMFf2daTfL9v%2Findex.html%3FbabelChannel%3Dttt1&adt=25&dlid=1853_32787_null","2022-04-29","2022-04-29","6949"
"800x1280","https://i0.hdslb.com/bfs/sycp/ssa/default/201809/1a2414aaca0965d5a74974083e86a11f.png","https://ccc-x.jd.com/dsp/tp?log=gL4-CxQn7MqqD-8oW-wGj57h52a5HsJ8XYNQhniEXHtshx-BL8fq0MUhdebr0Vt0HlEdovYX3jyS3CmQWZyfzL5z_iGMo4irD4zhZNmzBfI&v=708&to=https%3A%2F%2Fpro.m.jd.com%2Fmall%2Factive%2F4VGiVLhuKtJp53fsUMFf2daTfL9v%2Findex.html%3FbabelChannel%3Dttt1&adt=25&dlid=1853_32788_null","2022-04-29","2022-04-29","6952"
"800x1280","https://i0.hdslb.com/bfs/sycp/ssa/default/201809/1a2414aaca0965d5a74974083e86a11f.png","https://ccc-x.jd.com/dsp/tp?log=u87joXueuH0yy9ysmEOW8csYwY1eq33sLb1DrZGkDrkJBzh2FpeDC1Ilk2A9f-LWVObbRMLqcPXIZQH5XNvxockaB2sVgX6Jv_eZ9yXZfRg&v=708&to=https%3A%2F%2Fpro.m.jd.com%2Fmall%2Factive%2F4VGiVLhuKtJp53fsUMFf2daTfL9v%2Findex.html%3FbabelChannel%3Dttt1&adt=25&dlid=1853_32789_null","2022-04-29","2022-04-29","6954"
"800x1280","https://i0.hdslb.com/bfs/sycp/ssa/default/201809/1a2414aaca0965d5a74974083e86a11f.png","https://www.bilibili.com/blackboard/activity-8O8ZmS4aIi.html","2022-04-24","2022-04-24","6969"
"800x1280","https://i0.hdslb.com/bfs/sycp/ssa/default/201809/1a2414aaca0965d5a74974083e86a11f.png","https://e.cn.miaozhen.com/r/k=2295643&p=89fZQ&dx=__IPDX__&rt=2&pro=s&ns=__IP__&ni=__IESID__&v=__LOC__&xa=__ADPLATFORM__&tr=__REQUESTID__&mo=__OS__&m0=__OPENUDID__&m0a=__DUID__&m1=__ANDROIDID1__&m1a=__ANDROIDID__&m2=__IMEI__&m4=__AAID__&m5=__IDFA__&m6=__MAC1__&m6a=__MAC__&m11=__OAID__&m14=__CAID__&m5a=__IDFV__&mn=__ANAME__&m5b=__IDFA1__&m11a=__OAID1__&m14a=__CAID1__&o=https://trace.rtbasia.com/tkp?rta_k=2nnDWBSuKX&utm_campaign=_rtc_fdf77ddb0a90a026&utm_source=bilibili&utm_content=BiliBili_OP&utm_medium=national&utm_term=CPT&device=Mobile&adtype=7&crtype=2&playmode=1&idfa=__IDFAMD5__&oaid=__OAIDMD5__&custid1=__REQUESTID__&os=__OS__&ua=__UA__&ts=__TS__&clientip=__IP__&forward=https%3A%2F%2Fwww.tiffany.cn%2Fengagement%2F%3Fomcid%3Ddis-cn_bilibili_op_2022le%26utm_medium%3Ddisplay-cn%26utm_source%3Dbilibili_op%26utm_campaign%3D2022le&sg=086babb8fda6ce2e427060801958a3e3&ord=1650528739466","2022-04-22","2022-04-22","6972"
"800x1280","https://i0.hdslb.com/bfs/sycp/creative_img/202204/f9f84de22273096c8db41d60e7b799db.jpg","https://lululemon.m.tmall.com/","2022-04-25","2022-04-25","6973"
"800x1280","https://i0.hdslb.com/bfs/sycp/ssa/default/201809/1a2414aaca0965d5a74974083e86a11f.png","https://www.bilibili.com/bangumi/play/ep480194","2022-04-22","2022-04-22","6980"
"800x1280","https://i0.hdslb.com/bfs/sycp/ssa/default/201809/1a2414aaca0965d5a74974083e86a11f.png","https://www.bilibili.com/blackboard/manga/activity-2Wr5wb3ysY.html?from=bilibili_zyw_sp","2022-04-23","2022-04-23","6981"
"800x1280","https://i0.hdslb.com/bfs/sycp/ssa/default/201809/1a2414aaca0965d5a74974083e86a11f.png","https://www.bilibili.com/bangumi/play/ss35209","2022-04-24","2022-04-24","6984"
"800x1280","https://i0.hdslb.com/bfs/sycp/creative_img/202204/a3eb7865107db783536c597ee2cda26e.jpg","https://www.bilibili.com/blackboard/activity-qwqr8h9X5.html?navhide=1?msource=shanping","2022-04-22","2022-04-22","6995"
"800x1280","https://i0.hdslb.com/bfs/sycp/creative_img/202204/a115f0edc6ef591a4dfb90150543b387.jpg","https://www.biligame.com/detail/?id=105233&msource=1&source=trackadf_67fff63a8dfc4798bbf8e15932cc7a46&gameID=4616","2022-04-22","2022-04-22","6996"
"800x1280","https://i0.hdslb.com/bfs/sycp/ssa/default/201809/1a2414aaca0965d5a74974083e86a11f.png","https://www.bilibili.com/bangumi/play/ss39433","2022-04-24","2022-04-24","6997"
"800x1280","https://i0.hdslb.com/bfs/sycp/ssa/default/201809/1a2414aaca0965d5a74974083e86a11f.png","https://www.bilibili.com/bangumi/play/ss39433","2022-04-26","2022-04-26","6998"
"800x1280","https://i0.hdslb.com/bfs/sycp/ssa/default/201809/1a2414aaca0965d5a74974083e86a11f.png","https://www.bilibili.com/bangumi/play/ss39180","2022-04-25","2022-04-25","6999"
"800x1280","https://i0.hdslb.com/bfs/sycp/ssa/default/201809/1a2414aaca0965d5a74974083e86a11f.png","https://3.cn/106Nrfk-n","2022-04-22","2022-04-22","220"
"800x1280","https://i0.hdslb.com/bfs/sycp/creative_img/202204/a0bec9aa4053f57b9940ea17055b2a92.jpg","https://app.biligame.com/page/detail_share.html?id=105233","2022-04-22","2022-04-22","7007"
"800x1280","https://i0.hdslb.com/bfs/sycp/creative_img/202204/0820e82d583ea9fa81081548cac59da1.png","https://www.bilibili.com/bangumi/play/ep479066","2022-04-23","2022-04-23","7081"
"1024x768","https://i0.hdslb.com/bfs/sycp/creative_img/202204/d8c502b28924425ed762d4f63b63e09b.jpg","https://ccc-x.jd.com/dsp/tp?log=CHFeatc_M67X7nTMzVhu4v_Hs95TuokArLjd1ebfb8jqQZg6Tm_8Rnk0N9fcJ3M0MsWrosZuPlgsiY8xv_DYTlySpLifesIDVk2Vn3SRYwM&v=708&to=https%3A%2F%2Fpro.m.jd.com%2Fmall%2Factive%2F4VGiVLhuKtJp53fsUMFf2daTfL9v%2Findex.html%3FbabelChannel%3Dttt1&adt=25&dlid=1853_32787_null","2022-04-29","2022-04-29","6949"
"1024x768","https://i0.hdslb.com/bfs/sycp/creative_img/202204/1aca7c7a60727aefb799ef29a19ed01f.jpg","https://ccc-x.jd.com/dsp/tp?log=gL4-CxQn7MqqD-8oW-wGj57h52a5HsJ8XYNQhniEXHtshx-BL8fq0MUhdebr0Vt0HlEdovYX3jyS3CmQWZyfzL5z_iGMo4irD4zhZNmzBfI&v=708&to=https%3A%2F%2Fpro.m.jd.com%2Fmall%2Factive%2F4VGiVLhuKtJp53fsUMFf2daTfL9v%2Findex.html%3FbabelChannel%3Dttt1&adt=25&dlid=1853_32788_null","2022-04-29","2022-04-29","6952"
"1024x768","https://i0.hdslb.com/bfs/sycp/creative_img/202204/0ca172f3f0fb2aa30cd3be9fb7b23f08.jpg","https://ccc-x.jd.com/dsp/tp?log=u87joXueuH0yy9ysmEOW8csYwY1eq33sLb1DrZGkDrkJBzh2FpeDC1Ilk2A9f-LWVObbRMLqcPXIZQH5XNvxockaB2sVgX6Jv_eZ9yXZfRg&v=708&to=https%3A%2F%2Fpro.m.jd.com%2Fmall%2Factive%2F4VGiVLhuKtJp53fsUMFf2daTfL9v%2Findex.html%3FbabelChannel%3Dttt1&adt=25&dlid=1853_32789_null","2022-04-29","2022-04-29","6954"
"1024x768","https://i0.hdslb.com/bfs/sycp/creative_img/202204/c61283f7b47c019bad1ce16d6729723b.jpg","https://www.bilibili.com/blackboard/activity-8O8ZmS4aIi.html","2022-04-24","2022-04-24","6969"
"1024x768","https://i0.hdslb.com/bfs/sycp/creative_img/202204/ebdf8c5de2ae3aa098b85fbe11296a90.jpg","https://e.cn.miaozhen.com/r/k=2295643&p=89fZQ&dx=__IPDX__&rt=2&pro=s&ns=__IP__&ni=__IESID__&v=__LOC__&xa=__ADPLATFORM__&tr=__REQUESTID__&mo=__OS__&m0=__OPENUDID__&m0a=__DUID__&m1=__ANDROIDID1__&m1a=__ANDROIDID__&m2=__IMEI__&m4=__AAID__&m5=__IDFA__&m6=__MAC1__&m6a=__MAC__&m11=__OAID__&m14=__CAID__&m5a=__IDFV__&mn=__ANAME__&m5b=__IDFA1__&m11a=__OAID1__&m14a=__CAID1__&o=https://trace.rtbasia.com/tkp?rta_k=2nnDWBSuKX&utm_campaign=_rtc_fdf77ddb0a90a026&utm_source=bilibili&utm_content=BiliBili_OP&utm_medium=national&utm_term=CPT&device=Mobile&adtype=7&crtype=2&playmode=1&idfa=__IDFAMD5__&oaid=__OAIDMD5__&custid1=__REQUESTID__&os=__OS__&ua=__UA__&ts=__TS__&clientip=__IP__&forward=https%3A%2F%2Fwww.tiffany.cn%2Fengagement%2F%3Fomcid%3Ddis-cn_bilibili_op_2022le%26utm_medium%3Ddisplay-cn%26utm_source%3Dbilibili_op%26utm_campaign%3D2022le&sg=086babb8fda6ce2e427060801958a3e3&ord=1650528739466","2022-04-22","2022-04-22","6972"
"1024x768","https://i0.hdslb.com/bfs/sycp/creative_img/202204/4c886c850af17a64aff61bde6cb73176.jpg","https://lululemon.m.tmall.com/","2022-04-25","2022-04-25","6973"
"1024x768","https://i0.hdslb.com/bfs/sycp/creative_img/202204/4a4a2cb414c81f669102cec776b4f5ac.jpg","https://www.bilibili.com/bangumi/play/ep480194","2022-04-22","2022-04-22","6980"
"1024x768","https://i0.hdslb.com/bfs/sycp/creative_img/202204/fdd4801a062bf0c56aedc9c9383a9ae5.jpg","https://www.bilibili.com/blackboard/manga/activity-2Wr5wb3ysY.html?from=bilibili_zyw_sp","2022-04-23","2022-04-23","6981"
"1024x768","https://i0.hdslb.com/bfs/sycp/creative_img/202204/fc91bf843ee9e0bf9613e3a7cc82ba6d.jpg","https://www.bilibili.com/bangumi/play/ss35209","2022-04-24","2022-04-24","6984"
"1024x768","https://i0.hdslb.com/bfs/sycp/creative_img/202204/32b71c1a9ebc285eb30591d700d5381b.jpg","https://www.bilibili.com/blackboard/activity-qwqr8h9X5.html?navhide=1?msource=shanping","2022-04-22","2022-04-22","6995"
"1024x768","https://i0.hdslb.com/bfs/sycp/creative_img/202204/388ed202202f4e7f4b3b66eb2d1c7920.jpg","https://www.biligame.com/detail/?id=105233","2022-04-22","2022-04-22","6996"
"1024x768","https://i0.hdslb.com/bfs/sycp/creative_img/202204/23fa895f219ef2852b747b71d294ea58.png","https://www.bilibili.com/bangumi/play/ss39433","2022-04-24","2022-04-24","6997"
"1024x768","https://i0.hdslb.com/bfs/sycp/creative_img/202204/77e0af8dca2bfd994808e0741708a3c8.png","https://www.bilibili.com/bangumi/play/ss39433","2022-04-26","2022-04-26","6998"
"1024x768","https://i0.hdslb.com/bfs/sycp/creative_img/202204/38ccc32d1555078ef2073cb4b3f78e71.jpg","https://www.bilibili.com/bangumi/play/ss39180","2022-04-25","2022-04-25","6999"
"1024x768","https://i0.hdslb.com/bfs/sycp/creative_img/202204/009a499a0ab4dfadd335d8c7f1733f43.png","https://3.cn/106Nrfk-n","2022-04-22","2022-04-22","220"
"1024x768","https://i0.hdslb.com/bfs/sycp/creative_img/202204/7c7d78a39500eb012cb106a402fc5726.jpg","https://webstatic.ys4fun.com/skzy/act/a0422/index.html?gameId=3&mediaId=39&subId=M02000000","2022-04-22","2022-04-22","7007"
"1024x768","https://i0.hdslb.com/bfs/sycp/creative_img/202204/f3c88edbb727c430bcb388ebf480d5bb.png","https://www.bilibili.com/bangumi/play/ep479066","2022-04-23","2022-04-23","7081"
"1080x1776","https://i0.hdslb.com/bfs/sycp/ssa/default/201809/1a2414aaca0965d5a74974083e86a11f.png","https://ccc-x.jd.com/dsp/tp?log=CHFeatc_M67X7nTMzVhu4v_Hs95TuokArLjd1ebfb8jqQZg6Tm_8Rnk0N9fcJ3M0MsWrosZuPlgsiY8xv_DYTlySpLifesIDVk2Vn3SRYwM&v=708&to=https%3A%2F%2Fpro.m.jd.com%2Fmall%2Factive%2F4VGiVLhuKtJp53fsUMFf2daTfL9v%2Findex.html%3FbabelChannel%3Dttt1&adt=25&dlid=1853_32787_null","2022-04-29","2022-04-29","6949"
"1080x1776","https://i0.hdslb.com/bfs/sycp/ssa/default/201809/1a2414aaca0965d5a74974083e86a11f.png","https://ccc-x.jd.com/dsp/tp?log=gL4-CxQn7MqqD-8oW-wGj57h52a5HsJ8XYNQhniEXHtshx-BL8fq0MUhdebr0Vt0HlEdovYX3jyS3CmQWZyfzL5z_iGMo4irD4zhZNmzBfI&v=708&to=https%3A%2F%2Fpro.m.jd.com%2Fmall%2Factive%2F4VGiVLhuKtJp53fsUMFf2daTfL9v%2Findex.html%3FbabelChannel%3Dttt1&adt=25&dlid=1853_32788_null","2022-04-29","2022-04-29","6952"
"1080x1776","https://i0.hdslb.com/bfs/sycp/ssa/default/201809/1a2414aaca0965d5a74974083e86a11f.png","https://ccc-x.jd.com/dsp/tp?log=u87joXueuH0yy9ysmEOW8csYwY1eq33sLb1DrZGkDrkJBzh2FpeDC1Ilk2A9f-LWVObbRMLqcPXIZQH5XNvxockaB2sVgX6Jv_eZ9yXZfRg&v=708&to=https%3A%2F%2Fpro.m.jd.com%2Fmall%2Factive%2F4VGiVLhuKtJp53fsUMFf2daTfL9v%2Findex.html%3FbabelChannel%3Dttt1&adt=25&dlid=1853_32789_null","2022-04-29","2022-04-29","6954"
"1080x1776","https://i0.hdslb.com/bfs/sycp/ssa/default/201809/1a2414aaca0965d5a74974083e86a11f.png","https://www.bilibili.com/blackboard/activity-8O8ZmS4aIi.html","2022-04-24","2022-04-24","6969"
"1080x1776","https://i0.hdslb.com/bfs/sycp/ssa/default/201809/1a2414aaca0965d5a74974083e86a11f.png","https://e.cn.miaozhen.com/r/k=2295643&p=89fZQ&dx=__IPDX__&rt=2&pro=s&ns=__IP__&ni=__IESID__&v=__LOC__&xa=__ADPLATFORM__&tr=__REQUESTID__&mo=__OS__&m0=__OPENUDID__&m0a=__DUID__&m1=__ANDROIDID1__&m1a=__ANDROIDID__&m2=__IMEI__&m4=__AAID__&m5=__IDFA__&m6=__MAC1__&m6a=__MAC__&m11=__OAID__&m14=__CAID__&m5a=__IDFV__&mn=__ANAME__&m5b=__IDFA1__&m11a=__OAID1__&m14a=__CAID1__&o=https://trace.rtbasia.com/tkp?rta_k=2nnDWBSuKX&utm_campaign=_rtc_fdf77ddb0a90a026&utm_source=bilibili&utm_content=BiliBili_OP&utm_medium=national&utm_term=CPT&device=Mobile&adtype=7&crtype=2&playmode=1&idfa=__IDFAMD5__&oaid=__OAIDMD5__&custid1=__REQUESTID__&os=__OS__&ua=__UA__&ts=__TS__&clientip=__IP__&forward=https%3A%2F%2Fwww.tiffany.cn%2Fengagement%2F%3Fomcid%3Ddis-cn_bilibili_op_2022le%26utm_medium%3Ddisplay-cn%26utm_source%3Dbilibili_op%26utm_campaign%3D2022le&sg=086babb8fda6ce2e427060801958a3e3&ord=1650528739466","2022-04-22","2022-04-22","6972"
"1080x1776","https://i0.hdslb.com/bfs/sycp/creative_img/202204/bc913a3dcb35ebc1587824f515de9a26.jpg","https://lululemon.m.tmall.com/","2022-04-25","2022-04-25","6973"
"1080x1776","https://i0.hdslb.com/bfs/sycp/ssa/default/201809/1a2414aaca0965d5a74974083e86a11f.png","https://www.bilibili.com/bangumi/play/ep480194","2022-04-22","2022-04-22","6980"
"1080x1776","https://i0.hdslb.com/bfs/sycp/ssa/default/201809/1a2414aaca0965d5a74974083e86a11f.png","https://www.bilibili.com/blackboard/manga/activity-2Wr5wb3ysY.html?from=bilibili_zyw_sp","2022-04-23","2022-04-23","6981"
"1080x1776","https://i0.hdslb.com/bfs/sycp/ssa/default/201809/1a2414aaca0965d5a74974083e86a11f.png","https://www.bilibili.com/bangumi/play/ss35209","2022-04-24","2022-04-24","6984"
"1080x1776","https://i0.hdslb.com/bfs/sycp/creative_img/202204/3dcb1da1103e5760c439e547258af6c1.jpg","https://www.bilibili.com/blackboard/activity-qwqr8h9X5.html?navhide=1?msource=shanping","2022-04-22","2022-04-22","6995"
"1080x1776","https://i0.hdslb.com/bfs/sycp/creative_img/202204/067c296bc321975645c9b0003a316cec.jpg","https://www.biligame.com/detail/?id=105233&msource=1&source=trackadf_67fff63a8dfc4798bbf8e15932cc7a46&gameID=4616","2022-04-22","2022-04-22","6996"
"1080x1776","https://i0.hdslb.com/bfs/sycp/ssa/default/201809/1a2414aaca0965d5a74974083e86a11f.png","https://www.bilibili.com/bangumi/play/ss39433","2022-04-24","2022-04-24","6997"
"1080x1776","https://i0.hdslb.com/bfs/sycp/ssa/default/201809/1a2414aaca0965d5a74974083e86a11f.png","https://www.bilibili.com/bangumi/play/ss39433","2022-04-26","2022-04-26","6998"
"1080x1776","https://i0.hdslb.com/bfs/sycp/ssa/default/201809/1a2414aaca0965d5a74974083e86a11f.png","https://www.bilibili.com/bangumi/play/ss39180","2022-04-25","2022-04-25","6999"
"1080x1776","https://i0.hdslb.com/bfs/sycp/ssa/default/201809/1a2414aaca0965d5a74974083e86a11f.png","https://3.cn/106Nrfk-n","2022-04-22","2022-04-22","220"
"1080x1776","https://i0.hdslb.com/bfs/sycp/creative_img/202204/a57586b732f0481c3ea4878b53e1f640.jpg","https://app.biligame.com/page/detail_share.html?id=105233","2022-04-22","2022-04-22","7007"
"1080x1776","https://i0.hdslb.com/bfs/sycp/creative_img/202204/8af28f30bb1f86fa7c58374d357a5911.png","https://www.bilibili.com/bangumi/play/ep479066","2022-04-23","2022-04-23","7081"
"1080x1920","https://i0.hdslb.com/bfs/sycp/ssa/default/201809/1a2414aaca0965d5a74974083e86a11f.png","https://ccc-x.jd.com/dsp/tp?log=CHFeatc_M67X7nTMzVhu4v_Hs95TuokArLjd1ebfb8jqQZg6Tm_8Rnk0N9fcJ3M0MsWrosZuPlgsiY8xv_DYTlySpLifesIDVk2Vn3SRYwM&v=708&to=https%3A%2F%2Fpro.m.jd.com%2Fmall%2Factive%2F4VGiVLhuKtJp53fsUMFf2daTfL9v%2Findex.html%3FbabelChannel%3Dttt1&adt=25&dlid=1853_32787_null","2022-04-29","2022-04-29","6949"
"1080x1920","https://i0.hdslb.com/bfs/sycp/ssa/default/201809/1a2414aaca0965d5a74974083e86a11f.png","https://ccc-x.jd.com/dsp/tp?log=gL4-CxQn7MqqD-8oW-wGj57h52a5HsJ8XYNQhniEXHtshx-BL8fq0MUhdebr0Vt0HlEdovYX3jyS3CmQWZyfzL5z_iGMo4irD4zhZNmzBfI&v=708&to=https%3A%2F%2Fpro.m.jd.com%2Fmall%2Factive%2F4VGiVLhuKtJp53fsUMFf2daTfL9v%2Findex.html%3FbabelChannel%3Dttt1&adt=25&dlid=1853_32788_null","2022-04-29","2022-04-29","6952"
"1080x1920","https://i0.hdslb.com/bfs/sycp/ssa/default/201809/1a2414aaca0965d5a74974083e86a11f.png","https://ccc-x.jd.com/dsp/tp?log=u87joXueuH0yy9ysmEOW8csYwY1eq33sLb1DrZGkDrkJBzh2FpeDC1Ilk2A9f-LWVObbRMLqcPXIZQH5XNvxockaB2sVgX6Jv_eZ9yXZfRg&v=708&to=https%3A%2F%2Fpro.m.jd.com%2Fmall%2Factive%2F4VGiVLhuKtJp53fsUMFf2daTfL9v%2Findex.html%3FbabelChannel%3Dttt1&adt=25&dlid=1853_32789_null","2022-04-29","2022-04-29","6954"
"1080x1920","https://i0.hdslb.com/bfs/sycp/ssa/default/201809/1a2414aaca0965d5a74974083e86a11f.png","https://www.bilibili.com/blackboard/activity-8O8ZmS4aIi.html","2022-04-24","2022-04-24","6969"
"1080x1920","https://i0.hdslb.com/bfs/sycp/ssa/default/201809/1a2414aaca0965d5a74974083e86a11f.png","https://e.cn.miaozhen.com/r/k=2295643&p=89fZQ&dx=__IPDX__&rt=2&pro=s&ns=__IP__&ni=__IESID__&v=__LOC__&xa=__ADPLATFORM__&tr=__REQUESTID__&mo=__OS__&m0=__OPENUDID__&m0a=__DUID__&m1=__ANDROIDID1__&m1a=__ANDROIDID__&m2=__IMEI__&m4=__AAID__&m5=__IDFA__&m6=__MAC1__&m6a=__MAC__&m11=__OAID__&m14=__CAID__&m5a=__IDFV__&mn=__ANAME__&m5b=__IDFA1__&m11a=__OAID1__&m14a=__CAID1__&o=https://trace.rtbasia.com/tkp?rta_k=2nnDWBSuKX&utm_campaign=_rtc_fdf77ddb0a90a026&utm_source=bilibili&utm_content=BiliBili_OP&utm_medium=national&utm_term=CPT&device=Mobile&adtype=7&crtype=2&playmode=1&idfa=__IDFAMD5__&oaid=__OAIDMD5__&custid1=__REQUESTID__&os=__OS__&ua=__UA__&ts=__TS__&clientip=__IP__&forward=https%3A%2F%2Fwww.tiffany.cn%2Fengagement%2F%3Fomcid%3Ddis-cn_bilibili_op_2022le%26utm_medium%3Ddisplay-cn%26utm_source%3Dbilibili_op%26utm_campaign%3D2022le&sg=086babb8fda6ce2e427060801958a3e3&ord=1650528739466","2022-04-22","2022-04-22","6972"
"1080x1920","https://i0.hdslb.com/bfs/sycp/creative_img/202204/7279b166eed9b86d8924156b1e67e138.jpg","https://lululemon.m.tmall.com/","2022-04-25","2022-04-25","6973"
"1080x1920","https://i0.hdslb.com/bfs/sycp/ssa/default/201809/1a2414aaca0965d5a74974083e86a11f.png","https://www.bilibili.com/bangumi/play/ep480194","2022-04-22","2022-04-22","6980"
"1080x1920","https://i0.hdslb.com/bfs/sycp/ssa/default/201809/1a2414aaca0965d5a74974083e86a11f.png","https://www.bilibili.com/blackboard/manga/activity-2Wr5wb3ysY.html?from=bilibili_zyw_sp","2022-04-23","2022-04-23","6981"
"1080x1920","https://i0.hdslb.com/bfs/sycp/ssa/default/201809/1a2414aaca0965d5a74974083e86a11f.png","https://www.bilibili.com/bangumi/play/ss35209","2022-04-24","2022-04-24","6984"
"1080x1920","https://i0.hdslb.com/bfs/sycp/creative_img/202204/14d95c433821c768aa7c745f84f34ef1.jpg","https://www.bilibili.com/blackboard/activity-qwqr8h9X5.html?navhide=1?msource=shanping","2022-04-22","2022-04-22","6995"
"1080x1920","https://i0.hdslb.com/bfs/sycp/creative_img/202204/d94da0aa2e71afab5933a3ce6c231724.jpg","https://www.biligame.com/detail/?id=105233&msource=1&source=trackadf_67fff63a8dfc4798bbf8e15932cc7a46&gameID=4616","2022-04-22","2022-04-22","6996"
"1080x1920","https://i0.hdslb.com/bfs/sycp/ssa/default/201809/1a2414aaca0965d5a74974083e86a11f.png","https://www.bilibili.com/bangumi/play/ss39433","2022-04-24","2022-04-24","6997"
"1080x1920","https://i0.hdslb.com/bfs/sycp/ssa/default/201809/1a2414aaca0965d5a74974083e86a11f.png","https://www.bilibili.com/bangumi/play/ss39433","2022-04-26","2022-04-26","6998"
"1080x1920","https://i0.hdslb.com/bfs/sycp/ssa/default/201809/1a2414aaca0965d5a74974083e86a11f.png","https://www.bilibili.com/bangumi/play/ss39180","2022-04-25","2022-04-25","6999"
"1080x1920","https://i0.hdslb.com/bfs/sycp/ssa/default/201809/1a2414aaca0965d5a74974083e86a11f.png","https://3.cn/106Nrfk-n","2022-04-22","2022-04-22","220"
"1080x1920","https://i0.hdslb.com/bfs/sycp/creative_img/202204/3a2fabfeabd6a7a2cc75e76a2f856660.jpg","https://app.biligame.com/page/detail_share.html?id=105233","2022-04-22","2022-04-22","7007"
"1080x1920","https://i0.hdslb.com/bfs/sycp/creative_img/202204/6847536dc0b594815c9e5bd514bbaa80.png","https://www.bilibili.com/bangumi/play/ep479066","2022-04-23","2022-04-23","7081"
"1125x2436","https://i0.hdslb.com/bfs/sycp/ssa/default/201809/1a2414aaca0965d5a74974083e86a11f.png","https://ccc-x.jd.com/dsp/tp?log=CHFeatc_M67X7nTMzVhu4v_Hs95TuokArLjd1ebfb8jqQZg6Tm_8Rnk0N9fcJ3M0MsWrosZuPlgsiY8xv_DYTlySpLifesIDVk2Vn3SRYwM&v=708&to=https%3A%2F%2Fpro.m.jd.com%2Fmall%2Factive%2F4VGiVLhuKtJp53fsUMFf2daTfL9v%2Findex.html%3FbabelChannel%3Dttt1&adt=25&dlid=1853_32787_null","2022-04-29","2022-04-29","6949"
"1125x2436","https://i0.hdslb.com/bfs/sycp/ssa/default/201809/1a2414aaca0965d5a74974083e86a11f.png","https://ccc-x.jd.com/dsp/tp?log=gL4-CxQn7MqqD-8oW-wGj57h52a5HsJ8XYNQhniEXHtshx-BL8fq0MUhdebr0Vt0HlEdovYX3jyS3CmQWZyfzL5z_iGMo4irD4zhZNmzBfI&v=708&to=https%3A%2F%2Fpro.m.jd.com%2Fmall%2Factive%2F4VGiVLhuKtJp53fsUMFf2daTfL9v%2Findex.html%3FbabelChannel%3Dttt1&adt=25&dlid=1853_32788_null","2022-04-29","2022-04-29","6952"
"1125x2436","https://i0.hdslb.com/bfs/sycp/ssa/default/201809/1a2414aaca0965d5a74974083e86a11f.png","https://ccc-x.jd.com/dsp/tp?log=u87joXueuH0yy9ysmEOW8csYwY1eq33sLb1DrZGkDrkJBzh2FpeDC1Ilk2A9f-LWVObbRMLqcPXIZQH5XNvxockaB2sVgX6Jv_eZ9yXZfRg&v=708&to=https%3A%2F%2Fpro.m.jd.com%2Fmall%2Factive%2F4VGiVLhuKtJp53fsUMFf2daTfL9v%2Findex.html%3FbabelChannel%3Dttt1&adt=25&dlid=1853_32789_null","2022-04-29","2022-04-29","6954"
"1125x2436","https://i0.hdslb.com/bfs/sycp/ssa/default/201809/1a2414aaca0965d5a74974083e86a11f.png","https://www.bilibili.com/blackboard/activity-8O8ZmS4aIi.html","2022-04-24","2022-04-24","6969"
"1125x2436","https://i0.hdslb.com/bfs/sycp/ssa/default/201809/1a2414aaca0965d5a74974083e86a11f.png","https://e.cn.miaozhen.com/r/k=2295643&p=89fZQ&dx=__IPDX__&rt=2&pro=s&ns=__IP__&ni=__IESID__&v=__LOC__&xa=__ADPLATFORM__&tr=__REQUESTID__&mo=__OS__&m0=__OPENUDID__&m0a=__DUID__&m1=__ANDROIDID1__&m1a=__ANDROIDID__&m2=__IMEI__&m4=__AAID__&m5=__IDFA__&m6=__MAC1__&m6a=__MAC__&m11=__OAID__&m14=__CAID__&m5a=__IDFV__&mn=__ANAME__&m5b=__IDFA1__&m11a=__OAID1__&m14a=__CAID1__&o=https://trace.rtbasia.com/tkp?rta_k=2nnDWBSuKX&utm_campaign=_rtc_fdf77ddb0a90a026&utm_source=bilibili&utm_content=BiliBili_OP&utm_medium=national&utm_term=CPT&device=Mobile&adtype=7&crtype=2&playmode=1&idfa=__IDFAMD5__&oaid=__OAIDMD5__&custid1=__REQUESTID__&os=__OS__&ua=__UA__&ts=__TS__&clientip=__IP__&forward=https%3A%2F%2Fwww.tiffany.cn%2Fengagement%2F%3Fomcid%3Ddis-cn_bilibili_op_2022le%26utm_medium%3Ddisplay-cn%26utm_source%3Dbilibili_op%26utm_campaign%3D2022le&sg=086babb8fda6ce2e427060801958a3e3&ord=1650528739466","2022-04-22","2022-04-22","6972"
"1125x2436","https://i0.hdslb.com/bfs/sycp/creative_img/202204/f7e1f55d452d4ca6997b58752ef02da0.jpg","https://lululemon.m.tmall.com/","2022-04-25","2022-04-25","6973"
"1125x2436","https://i0.hdslb.com/bfs/sycp/ssa/default/201809/1a2414aaca0965d5a74974083e86a11f.png","https://www.bilibili.com/bangumi/play/ep480194","2022-04-22","2022-04-22","6980"
"1125x2436","https://i0.hdslb.com/bfs/sycp/ssa/default/201809/1a2414aaca0965d5a74974083e86a11f.png","https://www.bilibili.com/blackboard/manga/activity-2Wr5wb3ysY.html?from=bilibili_zyw_sp","2022-04-23","2022-04-23","6981"
"1125x2436","https://i0.hdslb.com/bfs/sycp/ssa/default/201809/1a2414aaca0965d5a74974083e86a11f.png","https://www.bilibili.com/bangumi/play/ss35209","2022-04-24","2022-04-24","6984"
"1125x2436","https://i0.hdslb.com/bfs/sycp/creative_img/202204/28d36f653985d0b56951fa0371da8f36.jpg","https://www.bilibili.com/blackboard/activity-qwqr8h9X5.html?navhide=1?msource=shanping","2022-04-22","2022-04-22","6995"
"1125x2436","https://i0.hdslb.com/bfs/sycp/creative_img/202204/bf715b1d72726945a66f315ffadf956a.jpg","https://www.biligame.com/detail/?id=105233","2022-04-22","2022-04-22","6996"
"1125x2436","https://i0.hdslb.com/bfs/sycp/ssa/default/201809/1a2414aaca0965d5a74974083e86a11f.png","https://www.bilibili.com/bangumi/play/ss39433","2022-04-24","2022-04-24","6997"
"1125x2436","https://i0.hdslb.com/bfs/sycp/ssa/default/201809/1a2414aaca0965d5a74974083e86a11f.png","https://www.bilibili.com/bangumi/play/ss39433","2022-04-26","2022-04-26","6998"
"1125x2436","https://i0.hdslb.com/bfs/sycp/ssa/default/201809/1a2414aaca0965d5a74974083e86a11f.png","https://www.bilibili.com/bangumi/play/ss39180","2022-04-25","2022-04-25","6999"
"1125x2436","https://i0.hdslb.com/bfs/sycp/ssa/default/201809/1a2414aaca0965d5a74974083e86a11f.png","https://3.cn/106Nrfk-n","2022-04-22","2022-04-22","220"
"1125x2436","https://i0.hdslb.com/bfs/sycp/creative_img/202204/ab9c82b43a1d9326304457cea1e44834.jpg","https://webstatic.ys4fun.com/skzy/act/a0422/index.html?gameId=3&mediaId=39&subId=M02000000","2022-04-22","2022-04-22","7007"
"1125x2436","https://i0.hdslb.com/bfs/sycp/creative_img/202204/1d8b8072b8d18d66dfa674aee5fd3a75.png","https://www.bilibili.com/bangumi/play/ep479066","2022-04-23","2022-04-23","7081"
"1152x1920","https://i0.hdslb.com/bfs/sycp/ssa/default/201809/1a2414aaca0965d5a74974083e86a11f.png","https://ccc-x.jd.com/dsp/tp?log=CHFeatc_M67X7nTMzVhu4v_Hs95TuokArLjd1ebfb8jqQZg6Tm_8Rnk0N9fcJ3M0MsWrosZuPlgsiY8xv_DYTlySpLifesIDVk2Vn3SRYwM&v=708&to=https%3A%2F%2Fpro.m.jd.com%2Fmall%2Factive%2F4VGiVLhuKtJp53fsUMFf2daTfL9v%2Findex.html%3FbabelChannel%3Dttt1&adt=25&dlid=1853_32787_null","2022-04-29","2022-04-29","6949"
"1152x1920","https://i0.hdslb.com/bfs/sycp/ssa/default/201809/1a2414aaca0965d5a74974083e86a11f.png","https://ccc-x.jd.com/dsp/tp?log=gL4-CxQn7MqqD-8oW-wGj57h52a5HsJ8XYNQhniEXHtshx-BL8fq0MUhdebr0Vt0HlEdovYX3jyS3CmQWZyfzL5z_iGMo4irD4zhZNmzBfI&v=708&to=https%3A%2F%2Fpro.m.jd.com%2Fmall%2Factive%2F4VGiVLhuKtJp53fsUMFf2daTfL9v%2Findex.html%3FbabelChannel%3Dttt1&adt=25&dlid=1853_32788_null","2022-04-29","2022-04-29","6952"
"1152x1920","https://i0.hdslb.com/bfs/sycp/ssa/default/201809/1a2414aaca0965d5a74974083e86a11f.png","https://ccc-x.jd.com/dsp/tp?log=u87joXueuH0yy9ysmEOW8csYwY1eq33sLb1DrZGkDrkJBzh2FpeDC1Ilk2A9f-LWVObbRMLqcPXIZQH5XNvxockaB2sVgX6Jv_eZ9yXZfRg&v=708&to=https%3A%2F%2Fpro.m.jd.com%2Fmall%2Factive%2F4VGiVLhuKtJp53fsUMFf2daTfL9v%2Findex.html%3FbabelChannel%3Dttt1&adt=25&dlid=1853_32789_null","2022-04-29","2022-04-29","6954"
"1152x1920","https://i0.hdslb.com/bfs/sycp/ssa/default/201809/1a2414aaca0965d5a74974083e86a11f.png","https://www.bilibili.com/blackboard/activity-8O8ZmS4aIi.html","2022-04-24","2022-04-24","6969"
"1152x1920","https://i0.hdslb.com/bfs/sycp/ssa/default/201809/1a2414aaca0965d5a74974083e86a11f.png","https://e.cn.miaozhen.com/r/k=2295643&p=89fZQ&dx=__IPDX__&rt=2&pro=s&ns=__IP__&ni=__IESID__&v=__LOC__&xa=__ADPLATFORM__&tr=__REQUESTID__&mo=__OS__&m0=__OPENUDID__&m0a=__DUID__&m1=__ANDROIDID1__&m1a=__ANDROIDID__&m2=__IMEI__&m4=__AAID__&m5=__IDFA__&m6=__MAC1__&m6a=__MAC__&m11=__OAID__&m14=__CAID__&m5a=__IDFV__&mn=__ANAME__&m5b=__IDFA1__&m11a=__OAID1__&m14a=__CAID1__&o=https://trace.rtbasia.com/tkp?rta_k=2nnDWBSuKX&utm_campaign=_rtc_fdf77ddb0a90a026&utm_source=bilibili&utm_content=BiliBili_OP&utm_medium=national&utm_term=CPT&device=Mobile&adtype=7&crtype=2&playmode=1&idfa=__IDFAMD5__&oaid=__OAIDMD5__&custid1=__REQUESTID__&os=__OS__&ua=__UA__&ts=__TS__&clientip=__IP__&forward=https%3A%2F%2Fwww.tiffany.cn%2Fengagement%2F%3Fomcid%3Ddis-cn_bilibili_op_2022le%26utm_medium%3Ddisplay-cn%26utm_source%3Dbilibili_op%26utm_campaign%3D2022le&sg=086babb8fda6ce2e427060801958a3e3&ord=1650528739466","2022-04-22","2022-04-22","6972"
"1152x1920","https://i0.hdslb.com/bfs/sycp/creative_img/202204/dc54ffb7735cc042dea8520d81e63570.jpg","https://lululemon.m.tmall.com/","2022-04-25","2022-04-25","6973"
"1152x1920","https://i0.hdslb.com/bfs/sycp/ssa/default/201809/1a2414aaca0965d5a74974083e86a11f.png","https://www.bilibili.com/bangumi/play/ep480194","2022-04-22","2022-04-22","6980"
"1152x1920","https://i0.hdslb.com/bfs/sycp/ssa/default/201809/1a2414aaca0965d5a74974083e86a11f.png","https://www.bilibili.com/blackboard/manga/activity-2Wr5wb3ysY.html?from=bilibili_zyw_sp","2022-04-23","2022-04-23","6981"
"1152x1920","https://i0.hdslb.com/bfs/sycp/ssa/default/201809/1a2414aaca0965d5a74974083e86a11f.png","https://www.bilibili.com/bangumi/play/ss35209","2022-04-24","2022-04-24","6984"
"1152x1920","https://i0.hdslb.com/bfs/sycp/creative_img/202204/295ff5df136a196b76acf07411fc9b62.jpg","https://www.bilibili.com/blackboard/activity-qwqr8h9X5.html?navhide=1?msource=shanping","2022-04-22","2022-04-22","6995"
"1152x1920","https://i0.hdslb.com/bfs/sycp/creative_img/202204/cd0726c2667ef9945fce8d3ab550118a.jpg","https://www.biligame.com/detail/?id=105233&msource=1&source=trackadf_67fff63a8dfc4798bbf8e15932cc7a46&gameID=4616","2022-04-22","2022-04-22","6996"
"1152x1920","https://i0.hdslb.com/bfs/sycp/ssa/default/201809/1a2414aaca0965d5a74974083e86a11f.png","https://www.bilibili.com/bangumi/play/ss39433","2022-04-24","2022-04-24","6997"
"1152x1920","https://i0.hdslb.com/bfs/sycp/ssa/default/201809/1a2414aaca0965d5a74974083e86a11f.png","https://www.bilibili.com/bangumi/play/ss39433","2022-04-26","2022-04-26","6998"
"1152x1920","https://i0.hdslb.com/bfs/sycp/ssa/default/201809/1a2414aaca0965d5a74974083e86a11f.png","https://www.bilibili.com/bangumi/play/ss39180","2022-04-25","2022-04-25","6999"
"1152x1920","https://i0.hdslb.com/bfs/sycp/ssa/default/201809/1a2414aaca0965d5a74974083e86a11f.png","https://3.cn/106Nrfk-n","2022-04-22","2022-04-22","220"
"1152x1920","https://i0.hdslb.com/bfs/sycp/creative_img/202204/69d17096fa9451631448620dfae16d6d.jpg","https://app.biligame.com/page/detail_share.html?id=105233","2022-04-22","2022-04-22","7007"
"1152x1920","https://i0.hdslb.com/bfs/sycp/creative_img/202204/669483726f1ccc5729b75ab66beeb535.png","https://www.bilibili.com/bangumi/play/ep479066","2022-04-23","2022-04-23","7081"
"1242x2208","https://i0.hdslb.com/bfs/sycp/ssa/default/201809/1a2414aaca0965d5a74974083e86a11f.png","https://ccc-x.jd.com/dsp/tp?log=CHFeatc_M67X7nTMzVhu4v_Hs95TuokArLjd1ebfb8jqQZg6Tm_8Rnk0N9fcJ3M0MsWrosZuPlgsiY8xv_DYTlySpLifesIDVk2Vn3SRYwM&v=708&to=https%3A%2F%2Fpro.m.jd.com%2Fmall%2Factive%2F4VGiVLhuKtJp53fsUMFf2daTfL9v%2Findex.html%3FbabelChannel%3Dttt1&adt=25&dlid=1853_32787_null","2022-04-29","2022-04-29","6949"
"1242x2208","https://i0.hdslb.com/bfs/sycp/ssa/default/201809/1a2414aaca0965d5a74974083e86a11f.png","https://ccc-x.jd.com/dsp/tp?log=gL4-CxQn7MqqD-8oW-wGj57h52a5HsJ8XYNQhniEXHtshx-BL8fq0MUhdebr0Vt0HlEdovYX3jyS3CmQWZyfzL5z_iGMo4irD4zhZNmzBfI&v=708&to=https%3A%2F%2Fpro.m.jd.com%2Fmall%2Factive%2F4VGiVLhuKtJp53fsUMFf2daTfL9v%2Findex.html%3FbabelChannel%3Dttt1&adt=25&dlid=1853_32788_null","2022-04-29","2022-04-29","6952"
"1242x2208","https://i0.hdslb.com/bfs/sycp/ssa/default/201809/1a2414aaca0965d5a74974083e86a11f.png","https://ccc-x.jd.com/dsp/tp?log=u87joXueuH0yy9ysmEOW8csYwY1eq33sLb1DrZGkDrkJBzh2FpeDC1Ilk2A9f-LWVObbRMLqcPXIZQH5XNvxockaB2sVgX6Jv_eZ9yXZfRg&v=708&to=https%3A%2F%2Fpro.m.jd.com%2Fmall%2Factive%2F4VGiVLhuKtJp53fsUMFf2daTfL9v%2Findex.html%3FbabelChannel%3Dttt1&adt=25&dlid=1853_32789_null","2022-04-29","2022-04-29","6954"
"1242x2208","https://i0.hdslb.com/bfs/sycp/ssa/default/201809/1a2414aaca0965d5a74974083e86a11f.png","https://www.bilibili.com/blackboard/activity-8O8ZmS4aIi.html","2022-04-24","2022-04-24","6969"
"1242x2208","https://i0.hdslb.com/bfs/sycp/ssa/default/201809/1a2414aaca0965d5a74974083e86a11f.png","https://e.cn.miaozhen.com/r/k=2295643&p=89fZQ&dx=__IPDX__&rt=2&pro=s&ns=__IP__&ni=__IESID__&v=__LOC__&xa=__ADPLATFORM__&tr=__REQUESTID__&mo=__OS__&m0=__OPENUDID__&m0a=__DUID__&m1=__ANDROIDID1__&m1a=__ANDROIDID__&m2=__IMEI__&m4=__AAID__&m5=__IDFA__&m6=__MAC1__&m6a=__MAC__&m11=__OAID__&m14=__CAID__&m5a=__IDFV__&mn=__ANAME__&m5b=__IDFA1__&m11a=__OAID1__&m14a=__CAID1__&o=https://trace.rtbasia.com/tkp?rta_k=2nnDWBSuKX&utm_campaign=_rtc_fdf77ddb0a90a026&utm_source=bilibili&utm_content=BiliBili_OP&utm_medium=national&utm_term=CPT&device=Mobile&adtype=7&crtype=2&playmode=1&idfa=__IDFAMD5__&oaid=__OAIDMD5__&custid1=__REQUESTID__&os=__OS__&ua=__UA__&ts=__TS__&clientip=__IP__&forward=https%3A%2F%2Fwww.tiffany.cn%2Fengagement%2F%3Fomcid%3Ddis-cn_bilibili_op_2022le%26utm_medium%3Ddisplay-cn%26utm_source%3Dbilibili_op%26utm_campaign%3D2022le&sg=086babb8fda6ce2e427060801958a3e3&ord=1650528739466","2022-04-22","2022-04-22","6972"
"1242x2208","https://i0.hdslb.com/bfs/sycp/creative_img/202204/b0711f7c6bb8361facce15f7d512e564.jpg","https://lululemon.m.tmall.com/","2022-04-25","2022-04-25","6973"
"1242x2208","https://i0.hdslb.com/bfs/sycp/ssa/default/201809/1a2414aaca0965d5a74974083e86a11f.png","https://www.bilibili.com/bangumi/play/ep480194","2022-04-22","2022-04-22","6980"
"1242x2208","https://i0.hdslb.com/bfs/sycp/ssa/default/201809/1a2414aaca0965d5a74974083e86a11f.png","https://www.bilibili.com/blackboard/manga/activity-2Wr5wb3ysY.html?from=bilibili_zyw_sp","2022-04-23","2022-04-23","6981"
"1242x2208","https://i0.hdslb.com/bfs/sycp/ssa/default/201809/1a2414aaca0965d5a74974083e86a11f.png","https://www.bilibili.com/bangumi/play/ss35209","2022-04-24","2022-04-24","6984"
"1242x2208","https://i0.hdslb.com/bfs/sycp/creative_img/202204/57f7cc1ae344c8ac5a3a9467af61cb7d.jpg","https://www.bilibili.com/blackboard/activity-qwqr8h9X5.html?navhide=1?msource=shanping","2022-04-22","2022-04-22","6995"
"1242x2208","https://i0.hdslb.com/bfs/sycp/creative_img/202204/4e77c98a8225705b0867d8eb583a69ee.jpg","https://www.biligame.com/detail/?id=105233","2022-04-22","2022-04-22","6996"
"1242x2208","https://i0.hdslb.com/bfs/sycp/ssa/default/201809/1a2414aaca0965d5a74974083e86a11f.png","https://www.bilibili.com/bangumi/play/ss39433","2022-04-24","2022-04-24","6997"
"1242x2208","https://i0.hdslb.com/bfs/sycp/ssa/default/201809/1a2414aaca0965d5a74974083e86a11f.png","https://www.bilibili.com/bangumi/play/ss39433","2022-04-26","2022-04-26","6998"
"1242x2208","https://i0.hdslb.com/bfs/sycp/ssa/default/201809/1a2414aaca0965d5a74974083e86a11f.png","https://www.bilibili.com/bangumi/play/ss39180","2022-04-25","2022-04-25","6999"
"1242x2208","https://i0.hdslb.com/bfs/sycp/ssa/default/201809/1a2414aaca0965d5a74974083e86a11f.png","https://3.cn/106Nrfk-n","2022-04-22","2022-04-22","220"
"1242x2208","https://i0.hdslb.com/bfs/sycp/creative_img/202204/0ab72d19b87b52f004ffe26d3b8ca26d.jpg","https://webstatic.ys4fun.com/skzy/act/a0422/index.html?gameId=3&mediaId=39&subId=M02000000","2022-04-22","2022-04-22","7007"
"1242x2208","https://i0.hdslb.com/bfs/sycp/creative_img/202204/d07675c2e40599ff81638480129b25ba.png","https://www.bilibili.com/bangumi/play/ep479066","2022-04-23","2022-04-23","7081"
"1440x2560","https://i0.hdslb.com/bfs/sycp/ssa/default/201809/1a2414aaca0965d5a74974083e86a11f.png","https://ccc-x.jd.com/dsp/tp?log=CHFeatc_M67X7nTMzVhu4v_Hs95TuokArLjd1ebfb8jqQZg6Tm_8Rnk0N9fcJ3M0MsWrosZuPlgsiY8xv_DYTlySpLifesIDVk2Vn3SRYwM&v=708&to=https%3A%2F%2Fpro.m.jd.com%2Fmall%2Factive%2F4VGiVLhuKtJp53fsUMFf2daTfL9v%2Findex.html%3FbabelChannel%3Dttt1&adt=25&dlid=1853_32787_null","2022-04-29","2022-04-29","6949"
"1440x2560","https://i0.hdslb.com/bfs/sycp/ssa/default/201809/1a2414aaca0965d5a74974083e86a11f.png","https://ccc-x.jd.com/dsp/tp?log=gL4-CxQn7MqqD-8oW-wGj57h52a5HsJ8XYNQhniEXHtshx-BL8fq0MUhdebr0Vt0HlEdovYX3jyS3CmQWZyfzL5z_iGMo4irD4zhZNmzBfI&v=708&to=https%3A%2F%2Fpro.m.jd.com%2Fmall%2Factive%2F4VGiVLhuKtJp53fsUMFf2daTfL9v%2Findex.html%3FbabelChannel%3Dttt1&adt=25&dlid=1853_32788_null","2022-04-29","2022-04-29","6952"
"1440x2560","https://i0.hdslb.com/bfs/sycp/ssa/default/201809/1a2414aaca0965d5a74974083e86a11f.png","https://ccc-x.jd.com/dsp/tp?log=u87joXueuH0yy9ysmEOW8csYwY1eq33sLb1DrZGkDrkJBzh2FpeDC1Ilk2A9f-LWVObbRMLqcPXIZQH5XNvxockaB2sVgX6Jv_eZ9yXZfRg&v=708&to=https%3A%2F%2Fpro.m.jd.com%2Fmall%2Factive%2F4VGiVLhuKtJp53fsUMFf2daTfL9v%2Findex.html%3FbabelChannel%3Dttt1&adt=25&dlid=1853_32789_null","2022-04-29","2022-04-29","6954"
"1440x2560","https://i0.hdslb.com/bfs/sycp/ssa/default/201809/1a2414aaca0965d5a74974083e86a11f.png","https://www.bilibili.com/blackboard/activity-8O8ZmS4aIi.html","2022-04-24","2022-04-24","6969"
"1440x2560","https://i0.hdslb.com/bfs/sycp/ssa/default/201809/1a2414aaca0965d5a74974083e86a11f.png","https://e.cn.miaozhen.com/r/k=2295643&p=89fZQ&dx=__IPDX__&rt=2&pro=s&ns=__IP__&ni=__IESID__&v=__LOC__&xa=__ADPLATFORM__&tr=__REQUESTID__&mo=__OS__&m0=__OPENUDID__&m0a=__DUID__&m1=__ANDROIDID1__&m1a=__ANDROIDID__&m2=__IMEI__&m4=__AAID__&m5=__IDFA__&m6=__MAC1__&m6a=__MAC__&m11=__OAID__&m14=__CAID__&m5a=__IDFV__&mn=__ANAME__&m5b=__IDFA1__&m11a=__OAID1__&m14a=__CAID1__&o=https://trace.rtbasia.com/tkp?rta_k=2nnDWBSuKX&utm_campaign=_rtc_fdf77ddb0a90a026&utm_source=bilibili&utm_content=BiliBili_OP&utm_medium=national&utm_term=CPT&device=Mobile&adtype=7&crtype=2&playmode=1&idfa=__IDFAMD5__&oaid=__OAIDMD5__&custid1=__REQUESTID__&os=__OS__&ua=__UA__&ts=__TS__&clientip=__IP__&forward=https%3A%2F%2Fwww.tiffany.cn%2Fengagement%2F%3Fomcid%3Ddis-cn_bilibili_op_2022le%26utm_medium%3Ddisplay-cn%26utm_source%3Dbilibili_op%26utm_campaign%3D2022le&sg=086babb8fda6ce2e427060801958a3e3&ord=1650528739466","2022-04-22","2022-04-22","6972"
"1440x2560","https://i0.hdslb.com/bfs/sycp/creative_img/202204/3d03d5b38a65d6fbb754a7d2f91aa1e5.jpg","https://lululemon.m.tmall.com/","2022-04-25","2022-04-25","6973"
"1440x2560","https://i0.hdslb.com/bfs/sycp/ssa/default/201809/1a2414aaca0965d5a74974083e86a11f.png","https://www.bilibili.com/bangumi/play/ep480194","2022-04-22","2022-04-22","6980"
"1440x2560","https://i0.hdslb.com/bfs/sycp/ssa/default/201809/1a2414aaca0965d5a74974083e86a11f.png","https://www.bilibili.com/blackboard/manga/activity-2Wr5wb3ysY.html?from=bilibili_zyw_sp","2022-04-23","2022-04-23","6981"
"1440x2560","https://i0.hdslb.com/bfs/sycp/ssa/default/201809/1a2414aaca0965d5a74974083e86a11f.png","https://www.bilibili.com/bangumi/play/ss35209","2022-04-24","2022-04-24","6984"
"1440x2560","https://i0.hdslb.com/bfs/sycp/creative_img/202204/bf803f50439981b01614911ee71b218e.jpg","https://www.bilibili.com/blackboard/activity-qwqr8h9X5.html?navhide=1?msource=shanping","2022-04-22","2022-04-22","6995"
"1440x2560","https://i0.hdslb.com/bfs/sycp/creative_img/202204/84eb92a018828185a7ea022331c30513.jpg","https://www.biligame.com/detail/?id=105233&msource=1&source=trackadf_67fff63a8dfc4798bbf8e15932cc7a46&gameID=4616","2022-04-22","2022-04-22","6996"
"1440x2560","https://i0.hdslb.com/bfs/sycp/ssa/default/201809/1a2414aaca0965d5a74974083e86a11f.png","https://www.bilibili.com/bangumi/play/ss39433","2022-04-24","2022-04-24","6997"
"1440x2560","https://i0.hdslb.com/bfs/sycp/ssa/default/201809/1a2414aaca0965d5a74974083e86a11f.png","https://www.bilibili.com/bangumi/play/ss39433","2022-04-26","2022-04-26","6998"
"1440x2560","https://i0.hdslb.com/bfs/sycp/ssa/default/201809/1a2414aaca0965d5a74974083e86a11f.png","https://www.bilibili.com/bangumi/play/ss39180","2022-04-25","2022-04-25","6999"
"1440x2560","https://i0.hdslb.com/bfs/sycp/ssa/default/201809/1a2414aaca0965d5a74974083e86a11f.png","https://3.cn/106Nrfk-n","2022-04-22","2022-04-22","220"
"1440x2560","https://i0.hdslb.com/bfs/sycp/creative_img/202204/544de3850fede7d4eb013c5006a8510c.jpg","https://app.biligame.com/page/detail_share.html?id=105233","2022-04-22","2022-04-22","7007"
"1440x2560","https://i0.hdslb.com/bfs/sycp/creative_img/202204/b711908a5040724e81fa24cf81326153.png","https://www.bilibili.com/bangumi/play/ep479066","2022-04-23","2022-04-23","7081"
"1536x2048","https://i0.hdslb.com/bfs/sycp/ssa/default/201809/1a2414aaca0965d5a74974083e86a11f.png","https://ccc-x.jd.com/dsp/tp?log=CHFeatc_M67X7nTMzVhu4v_Hs95TuokArLjd1ebfb8jqQZg6Tm_8Rnk0N9fcJ3M0MsWrosZuPlgsiY8xv_DYTlySpLifesIDVk2Vn3SRYwM&v=708&to=https%3A%2F%2Fpro.m.jd.com%2Fmall%2Factive%2F4VGiVLhuKtJp53fsUMFf2daTfL9v%2Findex.html%3FbabelChannel%3Dttt1&adt=25&dlid=1853_32787_null","2022-04-29","2022-04-29","6949"
"1536x2048","https://i0.hdslb.com/bfs/sycp/ssa/default/201809/1a2414aaca0965d5a74974083e86a11f.png","https://ccc-x.jd.com/dsp/tp?log=gL4-CxQn7MqqD-8oW-wGj57h52a5HsJ8XYNQhniEXHtshx-BL8fq0MUhdebr0Vt0HlEdovYX3jyS3CmQWZyfzL5z_iGMo4irD4zhZNmzBfI&v=708&to=https%3A%2F%2Fpro.m.jd.com%2Fmall%2Factive%2F4VGiVLhuKtJp53fsUMFf2daTfL9v%2Findex.html%3FbabelChannel%3Dttt1&adt=25&dlid=1853_32788_null","2022-04-29","2022-04-29","6952"
"1536x2048","https://i0.hdslb.com/bfs/sycp/ssa/default/201809/1a2414aaca0965d5a74974083e86a11f.png","https://ccc-x.jd.com/dsp/tp?log=u87joXueuH0yy9ysmEOW8csYwY1eq33sLb1DrZGkDrkJBzh2FpeDC1Ilk2A9f-LWVObbRMLqcPXIZQH5XNvxockaB2sVgX6Jv_eZ9yXZfRg&v=708&to=https%3A%2F%2Fpro.m.jd.com%2Fmall%2Factive%2F4VGiVLhuKtJp53fsUMFf2daTfL9v%2Findex.html%3FbabelChannel%3Dttt1&adt=25&dlid=1853_32789_null","2022-04-29","2022-04-29","6954"
"1536x2048","https://i0.hdslb.com/bfs/sycp/ssa/default/201809/1a2414aaca0965d5a74974083e86a11f.png","https://www.bilibili.com/blackboard/activity-8O8ZmS4aIi.html","2022-04-24","2022-04-24","6969"
"1536x2048","https://i0.hdslb.com/bfs/sycp/ssa/default/201809/1a2414aaca0965d5a74974083e86a11f.png","https://e.cn.miaozhen.com/r/k=2295643&p=89fZQ&dx=__IPDX__&rt=2&pro=s&ns=__IP__&ni=__IESID__&v=__LOC__&xa=__ADPLATFORM__&tr=__REQUESTID__&mo=__OS__&m0=__OPENUDID__&m0a=__DUID__&m1=__ANDROIDID1__&m1a=__ANDROIDID__&m2=__IMEI__&m4=__AAID__&m5=__IDFA__&m6=__MAC1__&m6a=__MAC__&m11=__OAID__&m14=__CAID__&m5a=__IDFV__&mn=__ANAME__&m5b=__IDFA1__&m11a=__OAID1__&m14a=__CAID1__&o=https://trace.rtbasia.com/tkp?rta_k=2nnDWBSuKX&utm_campaign=_rtc_fdf77ddb0a90a026&utm_source=bilibili&utm_content=BiliBili_OP&utm_medium=national&utm_term=CPT&device=Mobile&adtype=7&crtype=2&playmode=1&idfa=__IDFAMD5__&oaid=__OAIDMD5__&custid1=__REQUESTID__&os=__OS__&ua=__UA__&ts=__TS__&clientip=__IP__&forward=https%3A%2F%2Fwww.tiffany.cn%2Fengagement%2F%3Fomcid%3Ddis-cn_bilibili_op_2022le%26utm_medium%3Ddisplay-cn%26utm_source%3Dbilibili_op%26utm_campaign%3D2022le&sg=086babb8fda6ce2e427060801958a3e3&ord=1650528739466","2022-04-22","2022-04-22","6972"
"1536x2048","https://i0.hdslb.com/bfs/sycp/creative_img/202204/fe85ef0f5375b2bcaf2b2003f0f0eb5a.jpg","https://lululemon.m.tmall.com/","2022-04-25","2022-04-25","6973"
"1536x2048","https://i0.hdslb.com/bfs/sycp/ssa/default/201809/1a2414aaca0965d5a74974083e86a11f.png","https://www.bilibili.com/bangumi/play/ep480194","2022-04-22","2022-04-22","6980"
"1536x2048","https://i0.hdslb.com/bfs/sycp/ssa/default/201809/1a2414aaca0965d5a74974083e86a11f.png","https://www.bilibili.com/blackboard/manga/activity-2Wr5wb3ysY.html?from=bilibili_zyw_sp","2022-04-23","2022-04-23","6981"
"1536x2048","https://i0.hdslb.com/bfs/sycp/ssa/default/201809/1a2414aaca0965d5a74974083e86a11f.png","https://www.bilibili.com/bangumi/play/ss35209","2022-04-24","2022-04-24","6984"
"1536x2048","https://i0.hdslb.com/bfs/sycp/creative_img/202204/3701a868d0c2b4e2b8767682c6a612ce.jpg","https://www.bilibili.com/blackboard/activity-qwqr8h9X5.html?navhide=1?msource=shanping","2022-04-22","2022-04-22","6995"
"1536x2048","https://i0.hdslb.com/bfs/sycp/creative_img/202204/0aa8634a6210b3b160a4686d618dd6c5.jpg","https://www.biligame.com/detail/?id=105233&msource=1&source=trackadf_67fff63a8dfc4798bbf8e15932cc7a46&gameID=4616","2022-04-22","2022-04-22","6996"
"1536x2048","https://i0.hdslb.com/bfs/sycp/ssa/default/201809/1a2414aaca0965d5a74974083e86a11f.png","https://www.bilibili.com/bangumi/play/ss39433","2022-04-24","2022-04-24","6997"
"1536x2048","https://i0.hdslb.com/bfs/sycp/ssa/default/201809/1a2414aaca0965d5a74974083e86a11f.png","https://www.bilibili.com/bangumi/play/ss39433","2022-04-26","2022-04-26","6998"
"1536x2048","https://i0.hdslb.com/bfs/sycp/ssa/default/201809/1a2414aaca0965d5a74974083e86a11f.png","https://www.bilibili.com/bangumi/play/ss39180","2022-04-25","2022-04-25","6999"
"1536x2048","https://i0.hdslb.com/bfs/sycp/ssa/default/201809/1a2414aaca0965d5a74974083e86a11f.png","https://3.cn/106Nrfk-n","2022-04-22","2022-04-22","220"
"1536x2048","https://i0.hdslb.com/bfs/sycp/creative_img/202204/f84d45075ec16bb3e0166b0cb6b076f3.jpg","https://app.biligame.com/page/detail_share.html?id=105233","2022-04-22","2022-04-22","7007"
"1536x2048","https://i0.hdslb.com/bfs/sycp/creative_img/202204/88cb314b98d36fb17b8d56c74d025190.png","https://www.bilibili.com/bangumi/play/ep479066","2022-04-23","2022-04-23","7081"
"1536x2560","https://i0.hdslb.com/bfs/sycp/ssa/default/201809/1a2414aaca0965d5a74974083e86a11f.png","https://ccc-x.jd.com/dsp/tp?log=CHFeatc_M67X7nTMzVhu4v_Hs95TuokArLjd1ebfb8jqQZg6Tm_8Rnk0N9fcJ3M0MsWrosZuPlgsiY8xv_DYTlySpLifesIDVk2Vn3SRYwM&v=708&to=https%3A%2F%2Fpro.m.jd.com%2Fmall%2Factive%2F4VGiVLhuKtJp53fsUMFf2daTfL9v%2Findex.html%3FbabelChannel%3Dttt1&adt=25&dlid=1853_32787_null","2022-04-29","2022-04-29","6949"
"1536x2560","https://i0.hdslb.com/bfs/sycp/ssa/default/201809/1a2414aaca0965d5a74974083e86a11f.png","https://ccc-x.jd.com/dsp/tp?log=gL4-CxQn7MqqD-8oW-wGj57h52a5HsJ8XYNQhniEXHtshx-BL8fq0MUhdebr0Vt0HlEdovYX3jyS3CmQWZyfzL5z_iGMo4irD4zhZNmzBfI&v=708&to=https%3A%2F%2Fpro.m.jd.com%2Fmall%2Factive%2F4VGiVLhuKtJp53fsUMFf2daTfL9v%2Findex.html%3FbabelChannel%3Dttt1&adt=25&dlid=1853_32788_null","2022-04-29","2022-04-29","6952"
"1536x2560","https://i0.hdslb.com/bfs/sycp/ssa/default/201809/1a2414aaca0965d5a74974083e86a11f.png","https://ccc-x.jd.com/dsp/tp?log=u87joXueuH0yy9ysmEOW8csYwY1eq33sLb1DrZGkDrkJBzh2FpeDC1Ilk2A9f-LWVObbRMLqcPXIZQH5XNvxockaB2sVgX6Jv_eZ9yXZfRg&v=708&to=https%3A%2F%2Fpro.m.jd.com%2Fmall%2Factive%2F4VGiVLhuKtJp53fsUMFf2daTfL9v%2Findex.html%3FbabelChannel%3Dttt1&adt=25&dlid=1853_32789_null","2022-04-29","2022-04-29","6954"
"1536x2560","https://i0.hdslb.com/bfs/sycp/ssa/default/201809/1a2414aaca0965d5a74974083e86a11f.png","https://www.bilibili.com/blackboard/activity-8O8ZmS4aIi.html","2022-04-24","2022-04-24","6969"
"1536x2560","https://i0.hdslb.com/bfs/sycp/ssa/default/201809/1a2414aaca0965d5a74974083e86a11f.png","https://e.cn.miaozhen.com/r/k=2295643&p=89fZQ&dx=__IPDX__&rt=2&pro=s&ns=__IP__&ni=__IESID__&v=__LOC__&xa=__ADPLATFORM__&tr=__REQUESTID__&mo=__OS__&m0=__OPENUDID__&m0a=__DUID__&m1=__ANDROIDID1__&m1a=__ANDROIDID__&m2=__IMEI__&m4=__AAID__&m5=__IDFA__&m6=__MAC1__&m6a=__MAC__&m11=__OAID__&m14=__CAID__&m5a=__IDFV__&mn=__ANAME__&m5b=__IDFA1__&m11a=__OAID1__&m14a=__CAID1__&o=https://trace.rtbasia.com/tkp?rta_k=2nnDWBSuKX&utm_campaign=_rtc_fdf77ddb0a90a026&utm_source=bilibili&utm_content=BiliBili_OP&utm_medium=national&utm_term=CPT&device=Mobile&adtype=7&crtype=2&playmode=1&idfa=__IDFAMD5__&oaid=__OAIDMD5__&custid1=__REQUESTID__&os=__OS__&ua=__UA__&ts=__TS__&clientip=__IP__&forward=https%3A%2F%2Fwww.tiffany.cn%2Fengagement%2F%3Fomcid%3Ddis-cn_bilibili_op_2022le%26utm_medium%3Ddisplay-cn%26utm_source%3Dbilibili_op%26utm_campaign%3D2022le&sg=086babb8fda6ce2e427060801958a3e3&ord=1650528739466","2022-04-22","2022-04-22","6972"
"1536x2560","https://i0.hdslb.com/bfs/sycp/creative_img/202204/9b2e019b4c848234803bfe4aa3550f98.jpg","https://lululemon.m.tmall.com/","2022-04-25","2022-04-25","6973"
"1536x2560","https://i0.hdslb.com/bfs/sycp/ssa/default/201809/1a2414aaca0965d5a74974083e86a11f.png","https://www.bilibili.com/bangumi/play/ep480194","2022-04-22","2022-04-22","6980"
"1536x2560","https://i0.hdslb.com/bfs/sycp/ssa/default/201809/1a2414aaca0965d5a74974083e86a11f.png","https://www.bilibili.com/blackboard/manga/activity-2Wr5wb3ysY.html?from=bilibili_zyw_sp","2022-04-23","2022-04-23","6981"
"1536x2560","https://i0.hdslb.com/bfs/sycp/ssa/default/201809/1a2414aaca0965d5a74974083e86a11f.png","https://www.bilibili.com/bangumi/play/ss35209","2022-04-24","2022-04-24","6984"
"1536x2560","https://i0.hdslb.com/bfs/sycp/creative_img/202204/a2c80c809057146120d2f7bb3a6730fc.jpg","https://www.bilibili.com/blackboard/activity-qwqr8h9X5.html?navhide=1?msource=shanping","2022-04-22","2022-04-22","6995"
"1536x2560","https://i0.hdslb.com/bfs/sycp/creative_img/202204/6ba6da9e146bb84e8541a39377decbbd.jpg","https://www.biligame.com/detail/?id=105233&msource=1&source=trackadf_67fff63a8dfc4798bbf8e15932cc7a46&gameID=4616","2022-04-22","2022-04-22","6996"
"1536x2560","https://i0.hdslb.com/bfs/sycp/ssa/default/201809/1a2414aaca0965d5a74974083e86a11f.png","https://www.bilibili.com/bangumi/play/ss39433","2022-04-24","2022-04-24","6997"
"1536x2560","https://i0.hdslb.com/bfs/sycp/ssa/default/201809/1a2414aaca0965d5a74974083e86a11f.png","https://www.bilibili.com/bangumi/play/ss39433","2022-04-26","2022-04-26","6998"
"1536x2560","https://i0.hdslb.com/bfs/sycp/ssa/default/201809/1a2414aaca0965d5a74974083e86a11f.png","https://www.bilibili.com/bangumi/play/ss39180","2022-04-25","2022-04-25","6999"
"1536x2560","https://i0.hdslb.com/bfs/sycp/ssa/default/201809/1a2414aaca0965d5a74974083e86a11f.png","https://3.cn/106Nrfk-n","2022-04-22","2022-04-22","220"
"1536x2560","https://i0.hdslb.com/bfs/sycp/creative_img/202204/5b4c839abb77a4dc969b2771daf7ef2d.jpg","https://app.biligame.com/page/detail_share.html?id=105233","2022-04-22","2022-04-22","7007"
"1536x2560","https://i0.hdslb.com/bfs/sycp/creative_img/202204/a8151bfc74b979b8030621ed38b3b6b6.png","https://www.bilibili.com/bangumi/play/ep479066","2022-04-23","2022-04-23","7081"
"1600x2560","https://i0.hdslb.com/bfs/sycp/ssa/default/201809/1a2414aaca0965d5a74974083e86a11f.png","https://ccc-x.jd.com/dsp/tp?log=CHFeatc_M67X7nTMzVhu4v_Hs95TuokArLjd1ebfb8jqQZg6Tm_8Rnk0N9fcJ3M0MsWrosZuPlgsiY8xv_DYTlySpLifesIDVk2Vn3SRYwM&v=708&to=https%3A%2F%2Fpro.m.jd.com%2Fmall%2Factive%2F4VGiVLhuKtJp53fsUMFf2daTfL9v%2Findex.html%3FbabelChannel%3Dttt1&adt=25&dlid=1853_32787_null","2022-04-29","2022-04-29","6949"
"1600x2560","https://i0.hdslb.com/bfs/sycp/ssa/default/201809/1a2414aaca0965d5a74974083e86a11f.png","https://ccc-x.jd.com/dsp/tp?log=gL4-CxQn7MqqD-8oW-wGj57h52a5HsJ8XYNQhniEXHtshx-BL8fq0MUhdebr0Vt0HlEdovYX3jyS3CmQWZyfzL5z_iGMo4irD4zhZNmzBfI&v=708&to=https%3A%2F%2Fpro.m.jd.com%2Fmall%2Factive%2F4VGiVLhuKtJp53fsUMFf2daTfL9v%2Findex.html%3FbabelChannel%3Dttt1&adt=25&dlid=1853_32788_null","2022-04-29","2022-04-29","6952"
"1600x2560","https://i0.hdslb.com/bfs/sycp/ssa/default/201809/1a2414aaca0965d5a74974083e86a11f.png","https://ccc-x.jd.com/dsp/tp?log=u87joXueuH0yy9ysmEOW8csYwY1eq33sLb1DrZGkDrkJBzh2FpeDC1Ilk2A9f-LWVObbRMLqcPXIZQH5XNvxockaB2sVgX6Jv_eZ9yXZfRg&v=708&to=https%3A%2F%2Fpro.m.jd.com%2Fmall%2Factive%2F4VGiVLhuKtJp53fsUMFf2daTfL9v%2Findex.html%3FbabelChannel%3Dttt1&adt=25&dlid=1853_32789_null","2022-04-29","2022-04-29","6954"
"1600x2560","https://i0.hdslb.com/bfs/sycp/ssa/default/201809/1a2414aaca0965d5a74974083e86a11f.png","https://www.bilibili.com/blackboard/activity-8O8ZmS4aIi.html","2022-04-24","2022-04-24","6969"
"1600x2560","https://i0.hdslb.com/bfs/sycp/ssa/default/201809/1a2414aaca0965d5a74974083e86a11f.png","https://e.cn.miaozhen.com/r/k=2295643&p=89fZQ&dx=__IPDX__&rt=2&pro=s&ns=__IP__&ni=__IESID__&v=__LOC__&xa=__ADPLATFORM__&tr=__REQUESTID__&mo=__OS__&m0=__OPENUDID__&m0a=__DUID__&m1=__ANDROIDID1__&m1a=__ANDROIDID__&m2=__IMEI__&m4=__AAID__&m5=__IDFA__&m6=__MAC1__&m6a=__MAC__&m11=__OAID__&m14=__CAID__&m5a=__IDFV__&mn=__ANAME__&m5b=__IDFA1__&m11a=__OAID1__&m14a=__CAID1__&o=https://trace.rtbasia.com/tkp?rta_k=2nnDWBSuKX&utm_campaign=_rtc_fdf77ddb0a90a026&utm_source=bilibili&utm_content=BiliBili_OP&utm_medium=national&utm_term=CPT&device=Mobile&adtype=7&crtype=2&playmode=1&idfa=__IDFAMD5__&oaid=__OAIDMD5__&custid1=__REQUESTID__&os=__OS__&ua=__UA__&ts=__TS__&clientip=__IP__&forward=https%3A%2F%2Fwww.tiffany.cn%2Fengagement%2F%3Fomcid%3Ddis-cn_bilibili_op_2022le%26utm_medium%3Ddisplay-cn%26utm_source%3Dbilibili_op%26utm_campaign%3D2022le&sg=086babb8fda6ce2e427060801958a3e3&ord=1650528739466","2022-04-22","2022-04-22","6972"
"1600x2560","https://i0.hdslb.com/bfs/sycp/creative_img/202204/f3ac02a9da3bf5f1902efa4e03c8007d.jpg","https://lululemon.m.tmall.com/","2022-04-25","2022-04-25","6973"
"1600x2560","https://i0.hdslb.com/bfs/sycp/ssa/default/201809/1a2414aaca0965d5a74974083e86a11f.png","https://www.bilibili.com/bangumi/play/ep480194","2022-04-22","2022-04-22","6980"
"1600x2560","https://i0.hdslb.com/bfs/sycp/ssa/default/201809/1a2414aaca0965d5a74974083e86a11f.png","https://www.bilibili.com/blackboard/manga/activity-2Wr5wb3ysY.html?from=bilibili_zyw_sp","2022-04-23","2022-04-23","6981"
"1600x2560","https://i0.hdslb.com/bfs/sycp/ssa/default/201809/1a2414aaca0965d5a74974083e86a11f.png","https://www.bilibili.com/bangumi/play/ss35209","2022-04-24","2022-04-24","6984"
"1600x2560","https://i0.hdslb.com/bfs/sycp/creative_img/202204/b1978d17ef2f70caced88fb1e8a6ebae.jpg","https://www.bilibili.com/blackboard/activity-qwqr8h9X5.html?navhide=1?msource=shanping","2022-04-22","2022-04-22","6995"
"1600x2560","https://i0.hdslb.com/bfs/sycp/creative_img/202204/34df025c841eb1a8c1f86c779bb0ac6d.jpg","https://www.biligame.com/detail/?id=105233&msource=1&source=trackadf_67fff63a8dfc4798bbf8e15932cc7a46&gameID=4616","2022-04-22","2022-04-22","6996"
"1600x2560","https://i0.hdslb.com/bfs/sycp/ssa/default/201809/1a2414aaca0965d5a74974083e86a11f.png","https://www.bilibili.com/bangumi/play/ss39433","2022-04-24","2022-04-24","6997"
"1600x2560","https://i0.hdslb.com/bfs/sycp/ssa/default/201809/1a2414aaca0965d5a74974083e86a11f.png","https://www.bilibili.com/bangumi/play/ss39433","2022-04-26","2022-04-26","6998"
"1600x2560","https://i0.hdslb.com/bfs/sycp/ssa/default/201809/1a2414aaca0965d5a74974083e86a11f.png","https://www.bilibili.com/bangumi/play/ss39180","2022-04-25","2022-04-25","6999"
"1600x2560","https://i0.hdslb.com/bfs/sycp/ssa/default/201809/1a2414aaca0965d5a74974083e86a11f.png","https://3.cn/106Nrfk-n","2022-04-22","2022-04-22","220"
"1600x2560","https://i0.hdslb.com/bfs/sycp/creative_img/202204/983c681f45d54d20cff3447b7bf08b88.jpg","https://app.biligame.com/page/detail_share.html?id=105233","2022-04-22","2022-04-22","7007"
"1600x2560","https://i0.hdslb.com/bfs/sycp/creative_img/202204/ffc48d8e281a29b06ac53d9e47f3c2e1.png","https://www.bilibili.com/bangumi/play/ep479066","2022-04-23","2022-04-23","7081"
"2048x1536","https://i0.hdslb.com/bfs/sycp/creative_img/202204/f48bbdd58691cd30ecd342bbf8eaa174.jpg","https://ccc-x.jd.com/dsp/tp?log=CHFeatc_M67X7nTMzVhu4v_Hs95TuokArLjd1ebfb8jqQZg6Tm_8Rnk0N9fcJ3M0MsWrosZuPlgsiY8xv_DYTlySpLifesIDVk2Vn3SRYwM&v=708&to=https%3A%2F%2Fpro.m.jd.com%2Fmall%2Factive%2F4VGiVLhuKtJp53fsUMFf2daTfL9v%2Findex.html%3FbabelChannel%3Dttt1&adt=25&dlid=1853_32787_null","2022-04-29","2022-04-29","6949"
"2048x1536","https://i0.hdslb.com/bfs/sycp/creative_img/202204/7f5ceb624b01a4f6328e36c5566d5fa4.jpg","https://ccc-x.jd.com/dsp/tp?log=gL4-CxQn7MqqD-8oW-wGj57h52a5HsJ8XYNQhniEXHtshx-BL8fq0MUhdebr0Vt0HlEdovYX3jyS3CmQWZyfzL5z_iGMo4irD4zhZNmzBfI&v=708&to=https%3A%2F%2Fpro.m.jd.com%2Fmall%2Factive%2F4VGiVLhuKtJp53fsUMFf2daTfL9v%2Findex.html%3FbabelChannel%3Dttt1&adt=25&dlid=1853_32788_null","2022-04-29","2022-04-29","6952"
"2048x1536","https://i0.hdslb.com/bfs/sycp/creative_img/202204/2d35e12be19233e9baef7866f59f431c.jpg","https://ccc-x.jd.com/dsp/tp?log=u87joXueuH0yy9ysmEOW8csYwY1eq33sLb1DrZGkDrkJBzh2FpeDC1Ilk2A9f-LWVObbRMLqcPXIZQH5XNvxockaB2sVgX6Jv_eZ9yXZfRg&v=708&to=https%3A%2F%2Fpro.m.jd.com%2Fmall%2Factive%2F4VGiVLhuKtJp53fsUMFf2daTfL9v%2Findex.html%3FbabelChannel%3Dttt1&adt=25&dlid=1853_32789_null","2022-04-29","2022-04-29","6954"
"2048x1536","https://i0.hdslb.com/bfs/sycp/creative_img/202204/08fc62fea776f6364bb5420ec5ace0fb.jpg","https://www.bilibili.com/blackboard/activity-8O8ZmS4aIi.html","2022-04-24","2022-04-24","6969"
"2048x1536","https://i0.hdslb.com/bfs/sycp/creative_img/202204/97900c35838fa6841cf2ae34c972d150.jpg","https://e.cn.miaozhen.com/r/k=2295643&p=89fZQ&dx=__IPDX__&rt=2&pro=s&ns=__IP__&ni=__IESID__&v=__LOC__&xa=__ADPLATFORM__&tr=__REQUESTID__&mo=__OS__&m0=__OPENUDID__&m0a=__DUID__&m1=__ANDROIDID1__&m1a=__ANDROIDID__&m2=__IMEI__&m4=__AAID__&m5=__IDFA__&m6=__MAC1__&m6a=__MAC__&m11=__OAID__&m14=__CAID__&m5a=__IDFV__&mn=__ANAME__&m5b=__IDFA1__&m11a=__OAID1__&m14a=__CAID1__&o=https://trace.rtbasia.com/tkp?rta_k=2nnDWBSuKX&utm_campaign=_rtc_fdf77ddb0a90a026&utm_source=bilibili&utm_content=BiliBili_OP&utm_medium=national&utm_term=CPT&device=Mobile&adtype=7&crtype=2&playmode=1&idfa=__IDFAMD5__&oaid=__OAIDMD5__&custid1=__REQUESTID__&os=__OS__&ua=__UA__&ts=__TS__&clientip=__IP__&forward=https%3A%2F%2Fwww.tiffany.cn%2Fengagement%2F%3Fomcid%3Ddis-cn_bilibili_op_2022le%26utm_medium%3Ddisplay-cn%26utm_source%3Dbilibili_op%26utm_campaign%3D2022le&sg=086babb8fda6ce2e427060801958a3e3&ord=1650528739466","2022-04-22","2022-04-22","6972"
"2048x1536","https://i0.hdslb.com/bfs/sycp/creative_img/202204/a6489fe987dc7df0400dbe99c155f6cd.jpg","https://lululemon.m.tmall.com/","2022-04-25","2022-04-25","6973"
"2048x1536","https://i0.hdslb.com/bfs/sycp/creative_img/202204/ee12c7c4664cbbd35f97d083f86890fe.jpg","https://www.bilibili.com/bangumi/play/ep480194","2022-04-22","2022-04-22","6980"
"2048x1536","https://i0.hdslb.com/bfs/sycp/creative_img/202204/56ca4554524c8dc5d1547f7959ab5f56.jpg","https://www.bilibili.com/blackboard/manga/activity-2Wr5wb3ysY.html?from=bilibili_zyw_sp","2022-04-23","2022-04-23","6981"
"2048x1536","https://i0.hdslb.com/bfs/sycp/creative_img/202204/9cd9bea8abdb9dc37fe5fe871a5a775f.jpg","https://www.bilibili.com/bangumi/play/ss35209","2022-04-24","2022-04-24","6984"
"2048x1536","https://i0.hdslb.com/bfs/sycp/creative_img/202204/0ab3c0604c4985ded92ea290ac8b5032.jpg","https://www.bilibili.com/blackboard/activity-qwqr8h9X5.html?navhide=1?msource=shanping","2022-04-22","2022-04-22","6995"
"2048x1536","https://i0.hdslb.com/bfs/sycp/creative_img/202204/3cbdaf1b0f38c580010cdb77735fa1de.jpg","https://www.biligame.com/detail/?id=105233","2022-04-22","2022-04-22","6996"
"2048x1536","https://i0.hdslb.com/bfs/sycp/creative_img/202204/1d8963060380021626485e60faf712e6.png","https://www.bilibili.com/bangumi/play/ss39433","2022-04-24","2022-04-24","6997"
"2048x1536","https://i0.hdslb.com/bfs/sycp/creative_img/202204/0aa2685bd6210fd8ef3249bdd67e26d4.png","https://www.bilibili.com/bangumi/play/ss39433","2022-04-26","2022-04-26","6998"
"2048x1536","https://i0.hdslb.com/bfs/sycp/creative_img/202204/17473f308616abfc2fc34bcd1c951cda.jpg","https://www.bilibili.com/bangumi/play/ss39180","2022-04-25","2022-04-25","6999"
"2048x1536","https://i0.hdslb.com/bfs/sycp/creative_img/202204/34e23924f6c02f7393685ef0f5d54472.png","https://3.cn/106Nrfk-n","2022-04-22","2022-04-22","220"
"2048x1536","https://i0.hdslb.com/bfs/sycp/creative_img/202204/13b52e990ba6a92e253b0d92e61f72ec.jpg","https://webstatic.ys4fun.com/skzy/act/a0422/index.html?gameId=3&mediaId=39&subId=M02000000","2022-04-22","2022-04-22","7007"
"2048x1536","https://i0.hdslb.com/bfs/sycp/creative_img/202204/c7d30f8b98f7d45c680e00c5ccf49608.png","https://www.bilibili.com/bangumi/play/ep479066","2022-04-23","2022-04-23","7081"
"2048x2732","https://i0.hdslb.com/bfs/sycp/ssa/default/201809/1a2414aaca0965d5a74974083e86a11f.png","https://ccc-x.jd.com/dsp/tp?log=CHFeatc_M67X7nTMzVhu4v_Hs95TuokArLjd1ebfb8jqQZg6Tm_8Rnk0N9fcJ3M0MsWrosZuPlgsiY8xv_DYTlySpLifesIDVk2Vn3SRYwM&v=708&to=https%3A%2F%2Fpro.m.jd.com%2Fmall%2Factive%2F4VGiVLhuKtJp53fsUMFf2daTfL9v%2Findex.html%3FbabelChannel%3Dttt1&adt=25&dlid=1853_32787_null","2022-04-29","2022-04-29","6949"
"2048x2732","https://i0.hdslb.com/bfs/sycp/ssa/default/201809/1a2414aaca0965d5a74974083e86a11f.png","https://ccc-x.jd.com/dsp/tp?log=gL4-CxQn7MqqD-8oW-wGj57h52a5HsJ8XYNQhniEXHtshx-BL8fq0MUhdebr0Vt0HlEdovYX3jyS3CmQWZyfzL5z_iGMo4irD4zhZNmzBfI&v=708&to=https%3A%2F%2Fpro.m.jd.com%2Fmall%2Factive%2F4VGiVLhuKtJp53fsUMFf2daTfL9v%2Findex.html%3FbabelChannel%3Dttt1&adt=25&dlid=1853_32788_null","2022-04-29","2022-04-29","6952"
"2048x2732","https://i0.hdslb.com/bfs/sycp/ssa/default/201809/1a2414aaca0965d5a74974083e86a11f.png","https://ccc-x.jd.com/dsp/tp?log=u87joXueuH0yy9ysmEOW8csYwY1eq33sLb1DrZGkDrkJBzh2FpeDC1Ilk2A9f-LWVObbRMLqcPXIZQH5XNvxockaB2sVgX6Jv_eZ9yXZfRg&v=708&to=https%3A%2F%2Fpro.m.jd.com%2Fmall%2Factive%2F4VGiVLhuKtJp53fsUMFf2daTfL9v%2Findex.html%3FbabelChannel%3Dttt1&adt=25&dlid=1853_32789_null","2022-04-29","2022-04-29","6954"
"2048x2732","https://i0.hdslb.com/bfs/sycp/ssa/default/201809/1a2414aaca0965d5a74974083e86a11f.png","https://www.bilibili.com/blackboard/activity-8O8ZmS4aIi.html","2022-04-24","2022-04-24","6969"
"2048x2732","https://i0.hdslb.com/bfs/sycp/ssa/default/201809/1a2414aaca0965d5a74974083e86a11f.png","https://e.cn.miaozhen.com/r/k=2295643&p=89fZQ&dx=__IPDX__&rt=2&pro=s&ns=__IP__&ni=__IESID__&v=__LOC__&xa=__ADPLATFORM__&tr=__REQUESTID__&mo=__OS__&m0=__OPENUDID__&m0a=__DUID__&m1=__ANDROIDID1__&m1a=__ANDROIDID__&m2=__IMEI__&m4=__AAID__&m5=__IDFA__&m6=__MAC1__&m6a=__MAC__&m11=__OAID__&m14=__CAID__&m5a=__IDFV__&mn=__ANAME__&m5b=__IDFA1__&m11a=__OAID1__&m14a=__CAID1__&o=https://trace.rtbasia.com/tkp?rta_k=2nnDWBSuKX&utm_campaign=_rtc_fdf77ddb0a90a026&utm_source=bilibili&utm_content=BiliBili_OP&utm_medium=national&utm_term=CPT&device=Mobile&adtype=7&crtype=2&playmode=1&idfa=__IDFAMD5__&oaid=__OAIDMD5__&custid1=__REQUESTID__&os=__OS__&ua=__UA__&ts=__TS__&clientip=__IP__&forward=https%3A%2F%2Fwww.tiffany.cn%2Fengagement%2F%3Fomcid%3Ddis-cn_bilibili_op_2022le%26utm_medium%3Ddisplay-cn%26utm_source%3Dbilibili_op%26utm_campaign%3D2022le&sg=086babb8fda6ce2e427060801958a3e3&ord=1650528739466","2022-04-22","2022-04-22","6972"
"2048x2732","https://i0.hdslb.com/bfs/sycp/creative_img/202204/b05acd4dc5e2612d427af2d440c8cc89.jpg","https://lululemon.m.tmall.com/","2022-04-25","2022-04-25","6973"
"2048x2732","https://i0.hdslb.com/bfs/sycp/ssa/default/201809/1a2414aaca0965d5a74974083e86a11f.png","https://www.bilibili.com/bangumi/play/ep480194","2022-04-22","2022-04-22","6980"
"2048x2732","https://i0.hdslb.com/bfs/sycp/ssa/default/201809/1a2414aaca0965d5a74974083e86a11f.png","https://www.bilibili.com/blackboard/manga/activity-2Wr5wb3ysY.html?from=bilibili_zyw_sp","2022-04-23","2022-04-23","6981"
"2048x2732","https://i0.hdslb.com/bfs/sycp/ssa/default/201809/1a2414aaca0965d5a74974083e86a11f.png","https://www.bilibili.com/bangumi/play/ss35209","2022-04-24","2022-04-24","6984"
"2048x2732","https://i0.hdslb.com/bfs/sycp/creative_img/202204/0ac66e6febd77a932c5c0d67da3fc617.jpg","https://www.bilibili.com/blackboard/activity-qwqr8h9X5.html?navhide=1?msource=shanping","2022-04-22","2022-04-22","6995"
"2048x2732","https://i0.hdslb.com/bfs/sycp/creative_img/202204/5eb8478982cba2f35f5a800865aad854.jpg","https://www.biligame.com/detail/?id=105233&msource=1&source=trackadf_67fff63a8dfc4798bbf8e15932cc7a46&gameID=4616","2022-04-22","2022-04-22","6996"
"2048x2732","https://i0.hdslb.com/bfs/sycp/ssa/default/201809/1a2414aaca0965d5a74974083e86a11f.png","https://www.bilibili.com/bangumi/play/ss39433","2022-04-24","2022-04-24","6997"
"2048x2732","https://i0.hdslb.com/bfs/sycp/ssa/default/201809/1a2414aaca0965d5a74974083e86a11f.png","https://www.bilibili.com/bangumi/play/ss39433","2022-04-26","2022-04-26","6998"
"2048x2732","https://i0.hdslb.com/bfs/sycp/ssa/default/201809/1a2414aaca0965d5a74974083e86a11f.png","https://www.bilibili.com/bangumi/play/ss39180","2022-04-25","2022-04-25","6999"
"2048x2732","https://i0.hdslb.com/bfs/sycp/ssa/default/201809/1a2414aaca0965d5a74974083e86a11f.png","https://3.cn/106Nrfk-n","2022-04-22","2022-04-22","220"
"2048x2732","https://i0.hdslb.com/bfs/sycp/creative_img/202204/412d1ebf3abca0e1a5a617f344cd11cb.jpg","https://app.biligame.com/page/detail_share.html?id=105233","2022-04-22","2022-04-22","7007"
"2048x2732","https://i0.hdslb.com/bfs/sycp/creative_img/202204/34d6770609e75a1070f81f2f9bc1348e.png","https://www.bilibili.com/bangumi/play/ep479066","2022-04-23","2022-04-23","7081"
"2732x2048","https://i0.hdslb.com/bfs/sycp/creative_img/202204/3465915e0b59313c4512df7401f21058.jpg","https://ccc-x.jd.com/dsp/tp?log=CHFeatc_M67X7nTMzVhu4v_Hs95TuokArLjd1ebfb8jqQZg6Tm_8Rnk0N9fcJ3M0MsWrosZuPlgsiY8xv_DYTlySpLifesIDVk2Vn3SRYwM&v=708&to=https%3A%2F%2Fpro.m.jd.com%2Fmall%2Factive%2F4VGiVLhuKtJp53fsUMFf2daTfL9v%2Findex.html%3FbabelChannel%3Dttt1&adt=25&dlid=1853_32787_null","2022-04-29","2022-04-29","6949"
"2732x2048","https://i0.hdslb.com/bfs/sycp/creative_img/202204/c5c019c6e8fd4181ce125e7706c0080b.jpg","https://ccc-x.jd.com/dsp/tp?log=gL4-CxQn7MqqD-8oW-wGj57h52a5HsJ8XYNQhniEXHtshx-BL8fq0MUhdebr0Vt0HlEdovYX3jyS3CmQWZyfzL5z_iGMo4irD4zhZNmzBfI&v=708&to=https%3A%2F%2Fpro.m.jd.com%2Fmall%2Factive%2F4VGiVLhuKtJp53fsUMFf2daTfL9v%2Findex.html%3FbabelChannel%3Dttt1&adt=25&dlid=1853_32788_null","2022-04-29","2022-04-29","6952"
"2732x2048","https://i0.hdslb.com/bfs/sycp/creative_img/202204/20b05e75ffa1227f7ca4ec78c63c3447.jpg","https://ccc-x.jd.com/dsp/tp?log=u87joXueuH0yy9ysmEOW8csYwY1eq33sLb1DrZGkDrkJBzh2FpeDC1Ilk2A9f-LWVObbRMLqcPXIZQH5XNvxockaB2sVgX6Jv_eZ9yXZfRg&v=708&to=https%3A%2F%2Fpro.m.jd.com%2Fmall%2Factive%2F4VGiVLhuKtJp53fsUMFf2daTfL9v%2Findex.html%3FbabelChannel%3Dttt1&adt=25&dlid=1853_32789_null","2022-04-29","2022-04-29","6954"
"2732x2048","https://i0.hdslb.com/bfs/sycp/creative_img/202204/4395cfd17a14ba42100089d510edd6bb.jpg","https://www.bilibili.com/blackboard/activity-8O8ZmS4aIi.html","2022-04-24","2022-04-24","6969"
"2732x2048","https://i0.hdslb.com/bfs/sycp/creative_img/202204/fc711bf8c14d35df1acfdaff093f6829.jpg","https://e.cn.miaozhen.com/r/k=2295643&p=89fZQ&dx=__IPDX__&rt=2&pro=s&ns=__IP__&ni=__IESID__&v=__LOC__&xa=__ADPLATFORM__&tr=__REQUESTID__&mo=__OS__&m0=__OPENUDID__&m0a=__DUID__&m1=__ANDROIDID1__&m1a=__ANDROIDID__&m2=__IMEI__&m4=__AAID__&m5=__IDFA__&m6=__MAC1__&m6a=__MAC__&m11=__OAID__&m14=__CAID__&m5a=__IDFV__&mn=__ANAME__&m5b=__IDFA1__&m11a=__OAID1__&m14a=__CAID1__&o=https://trace.rtbasia.com/tkp?rta_k=2nnDWBSuKX&utm_campaign=_rtc_fdf77ddb0a90a026&utm_source=bilibili&utm_content=BiliBili_OP&utm_medium=national&utm_term=CPT&device=Mobile&adtype=7&crtype=2&playmode=1&idfa=__IDFAMD5__&oaid=__OAIDMD5__&custid1=__REQUESTID__&os=__OS__&ua=__UA__&ts=__TS__&clientip=__IP__&forward=https%3A%2F%2Fwww.tiffany.cn%2Fengagement%2F%3Fomcid%3Ddis-cn_bilibili_op_2022le%26utm_medium%3Ddisplay-cn%26utm_source%3Dbilibili_op%26utm_campaign%3D2022le&sg=086babb8fda6ce2e427060801958a3e3&ord=1650528739466","2022-04-22","2022-04-22","6972"
"2732x2048","https://i0.hdslb.com/bfs/sycp/creative_img/202204/0fa2d2d0e3bffb1c5a5087dede374f40.jpg","https://lululemon.m.tmall.com/","2022-04-25","2022-04-25","6973"
"2732x2048","https://i0.hdslb.com/bfs/sycp/creative_img/202204/b1a056010b42d447c4debd8b35986d63.jpg","https://www.bilibili.com/bangumi/play/ep480194","2022-04-22","2022-04-22","6980"
"2732x2048","https://i0.hdslb.com/bfs/sycp/creative_img/202204/5c65710591281fb9ced31a92d1c74dd9.jpg","https://www.bilibili.com/blackboard/manga/activity-2Wr5wb3ysY.html?from=bilibili_zyw_sp","2022-04-23","2022-04-23","6981"
"2732x2048","https://i0.hdslb.com/bfs/sycp/creative_img/202204/832a2aab68bf6c5973a050be835526cf.jpg","https://www.bilibili.com/bangumi/play/ss35209","2022-04-24","2022-04-24","6984"
"2732x2048","https://i0.hdslb.com/bfs/sycp/creative_img/202204/aae294a6e118d112bf375345c83e4aac.jpg","https://www.bilibili.com/blackboard/activity-qwqr8h9X5.html?navhide=1?msource=shanping","2022-04-22","2022-04-22","6995"
"2732x2048","https://i0.hdslb.com/bfs/sycp/creative_img/202204/019e04ec72635f449615cccc7b332e00.jpg","https://www.biligame.com/detail/?id=105233","2022-04-22","2022-04-22","6996"
"2732x2048","https://i0.hdslb.com/bfs/sycp/creative_img/202204/8208cf431a01df7ea492cc4ed1aeb93a.png","https://www.bilibili.com/bangumi/play/ss39433","2022-04-24","2022-04-24","6997"
"2732x2048","https://i0.hdslb.com/bfs/sycp/creative_img/202204/8208cf431a01df7ea492cc4ed1aeb93a.png","https://www.bilibili.com/bangumi/play/ss39433","2022-04-26","2022-04-26","6998"
"2732x2048","https://i0.hdslb.com/bfs/sycp/creative_img/202204/6c2d22b8d656be9573a0e7ef4602cadb.jpg","https://www.bilibili.com/bangumi/play/ss39180","2022-04-25","2022-04-25","6999"
"2732x2048","https://i0.hdslb.com/bfs/sycp/ssa/default/201809/4c2e629f836a9516a064d54b47e008fb.png","https://3.cn/106Nrfk-n","2022-04-22","2022-04-22","220"
"2732x2048","https://i0.hdslb.com/bfs/sycp/creative_img/202204/4b4af9437fe6e3bcfdd60b48513d5871.jpg","https://webstatic.ys4fun.com/skzy/act/a0422/index.html?gameId=3&mediaId=39&subId=M02000000","2022-04-22","2022-04-22","7007"
"2732x2048","https://i0.hdslb.com/bfs/sycp/creative_img/202204/15300e0079c54b84150c1045e3098736.png","https://www.bilibili.com/bangumi/play/ep479066","2022-04-23","2022-04-23","7081"
