"12","1080x1920","http://i0.hdslb.com/bfs/archive/574469a4a20f41ba4dc9ecd41d15f94eea875ed9.png","http://i0.hdslb.com/bfs/archive/cc1d1a69bb6150b80540f3149e27cef85601e8b8.png","half"
"14","1080x1920","http://i0.hdslb.com/bfs/archive/1d40e975b09d5c87b11b3ae0c9ce6c6b82f63d9e.png","http://i0.hdslb.com/bfs/archive/cc1d1a69bb6150b80540f3149e27cef85601e8b8.png","half"
"17","1080x1920","http://i0.hdslb.com/bfs/archive/06543a163e2a4e0189b12e3025f9c1d69203ed6d.png","http://i0.hdslb.com/bfs/archive/cc1d1a69bb6150b80540f3149e27cef85601e8b8.png","half"
"33","1080x1920","http://i0.hdslb.com/bfs/feed-admin/6f49571cf1d8f2aba498bd77c10d50bfc0506e5b.jpg","http://i0.hdslb.com/bfs/archive/1b1a8a4fc78a3b1b2992402ebdc19808b9d251ed.png","full"
"36","1080x1920","http://i0.hdslb.com/bfs/feed-admin/48f5b41fbde5191e3574622f43aa70625aa8b608.png","http://i0.hdslb.com/bfs/archive/cc1d1a69bb6150b80540f3149e27cef85601e8b8.png","half"
"37","1080x1920","http://i0.hdslb.com/bfs/feed-admin/53345cd0bd88a1a1baf4b16c8a67f741e1f1461d.png","http://i0.hdslb.com/bfs/archive/cc1d1a69bb6150b80540f3149e27cef85601e8b8.png","half"
"44","1080x1920","http://i0.hdslb.com/bfs/feed-admin/3d4c8a1a678393dda93b49b960f872d58a1d9e4f.png","http://i0.hdslb.com/bfs/archive/1b1a8a4fc78a3b1b2992402ebdc19808b9d251ed.png","full"
"46","1080x1920","http://i0.hdslb.com/bfs/feed-admin/0bafbe6396babb98a671819885e3d2740df31a06.jpg","http://i0.hdslb.com/bfs/archive/1b1a8a4fc78a3b1b2992402ebdc19808b9d251ed.png","full"
"10","1080x1920","http://i0.hdslb.com/bfs/archive/e2d2f57e08b511d1a47203859f7bddb4ef9d4e16.png","http://i0.hdslb.com/bfs/archive/cc1d1a69bb6150b80540f3149e27cef85601e8b8.png","half"
"13","1080x1920","http://i0.hdslb.com/bfs/archive/3007728d674a385306ba0b07055103a78b9eed62.png","http://i0.hdslb.com/bfs/archive/cc1d1a69bb6150b80540f3149e27cef85601e8b8.png","half"
"32","1080x1920","http://i0.hdslb.com/bfs/feed-admin/0bde1cb4f8dc9d5b7663cc2a901e0b277b1bb3dc.jpg","http://i0.hdslb.com/bfs/archive/1b1a8a4fc78a3b1b2992402ebdc19808b9d251ed.png","full"
"34","1080x1920","http://i0.hdslb.com/bfs/feed-admin/10f9fd640571dcd664410caa67ec6cee9f2c3426.jpg","http://i0.hdslb.com/bfs/archive/1b1a8a4fc78a3b1b2992402ebdc19808b9d251ed.png","full"
"35","1080x1920","http://i0.hdslb.com/bfs/feed-admin/3ec38982027c9c900a72a62ef388e9aacad9614c.jpg","http://i0.hdslb.com/bfs/archive/cc1d1a69bb6150b80540f3149e27cef85601e8b8.png","full"
"38","1080x1920","http://i0.hdslb.com/bfs/feed-admin/80375474a5d334bc40c5136b1bc2f396a5a44585.jpg","http://i0.hdslb.com/bfs/archive/1b1a8a4fc78a3b1b2992402ebdc19808b9d251ed.png","full"
"41","1080x1920","http://i0.hdslb.com/bfs/feed-admin/0a4c47b56ad675570d33a064a4743bc471f1ef28.jpg","http://i0.hdslb.com/bfs/archive/1b1a8a4fc78a3b1b2992402ebdc19808b9d251ed.png","full"
"45","1080x1920","http://i0.hdslb.com/bfs/feed-admin/a043736ef2e714348204e7a17986493bce14c35c.jpg","http://i0.hdslb.com/bfs/archive/1b1a8a4fc78a3b1b2992402ebdc19808b9d251ed.png","full"
"47","1080x1920","http://i0.hdslb.com/bfs/feed-admin/6aee93a41aaa8d6f3f97dab163716acbfe1a9914.jpg","http://i0.hdslb.com/bfs/archive/cc1d1a69bb6150b80540f3149e27cef85601e8b8.png","full"
"31","1080x1920","http://i0.hdslb.com/bfs/feed-admin/a0711772e1ba30cab22d41dd221e6b98b5a800b5.jpg","http://i0.hdslb.com/bfs/archive/1b1a8a4fc78a3b1b2992402ebdc19808b9d251ed.png","full"
"15","1080x1920","http://i0.hdslb.com/bfs/archive/351c02ba3f75f5eaa107c68ddf2222d74521773a.png","http://i0.hdslb.com/bfs/archive/cc1d1a69bb6150b80540f3149e27cef85601e8b8.png","half"
"16","1080x1920","http://i0.hdslb.com/bfs/archive/3007728d674a385306ba0b07055103a78b9eed62.png","http://i0.hdslb.com/bfs/archive/cc1d1a69bb6150b80540f3149e27cef85601e8b8.png","half"
"43","1080x1920","http://i0.hdslb.com/bfs/feed-admin/2df65ff751e0b378f576e6747d6ec87c44c45396.png","http://i0.hdslb.com/bfs/archive/1b1a8a4fc78a3b1b2992402ebdc19808b9d251ed.png","full"
"12","1600x2560","http://i0.hdslb.com/bfs/archive/574469a4a20f41ba4dc9ecd41d15f94eea875ed9.png","http://i0.hdslb.com/bfs/archive/cc1d1a69bb6150b80540f3149e27cef85601e8b8.png","half"
"13","1600x2560","http://i0.hdslb.com/bfs/archive/3007728d674a385306ba0b07055103a78b9eed62.png","http://i0.hdslb.com/bfs/archive/cc1d1a69bb6150b80540f3149e27cef85601e8b8.png","half"
"16","1600x2560","http://i0.hdslb.com/bfs/archive/3007728d674a385306ba0b07055103a78b9eed62.png","http://i0.hdslb.com/bfs/archive/cc1d1a69bb6150b80540f3149e27cef85601e8b8.png","half"
"36","1600x2560","http://i0.hdslb.com/bfs/feed-admin/48f5b41fbde5191e3574622f43aa70625aa8b608.png","http://i0.hdslb.com/bfs/archive/cc1d1a69bb6150b80540f3149e27cef85601e8b8.png","half"
"37","1600x2560","http://i0.hdslb.com/bfs/feed-admin/53345cd0bd88a1a1baf4b16c8a67f741e1f1461d.png","http://i0.hdslb.com/bfs/archive/cc1d1a69bb6150b80540f3149e27cef85601e8b8.png","half"
"38","1600x2560","http://i0.hdslb.com/bfs/feed-admin/80375474a5d334bc40c5136b1bc2f396a5a44585.jpg","http://i0.hdslb.com/bfs/archive/1b1a8a4fc78a3b1b2992402ebdc19808b9d251ed.png","full"
"15","1600x2560","http://i0.hdslb.com/bfs/archive/351c02ba3f75f5eaa107c68ddf2222d74521773a.png","http://i0.hdslb.com/bfs/archive/cc1d1a69bb6150b80540f3149e27cef85601e8b8.png","half"
"17","1600x2560","http://i0.hdslb.com/bfs/archive/06543a163e2a4e0189b12e3025f9c1d69203ed6d.png","http://i0.hdslb.com/bfs/archive/cc1d1a69bb6150b80540f3149e27cef85601e8b8.png","half"
"32","1600x2560","http://i0.hdslb.com/bfs/feed-admin/0bde1cb4f8dc9d5b7663cc2a901e0b277b1bb3dc.jpg","http://i0.hdslb.com/bfs/archive/1b1a8a4fc78a3b1b2992402ebdc19808b9d251ed.png","full"
"34","1600x2560","http://i0.hdslb.com/bfs/feed-admin/10f9fd640571dcd664410caa67ec6cee9f2c3426.jpg","http://i0.hdslb.com/bfs/archive/1b1a8a4fc78a3b1b2992402ebdc19808b9d251ed.png","full"
"35","1600x2560","http://i0.hdslb.com/bfs/feed-admin/3ec38982027c9c900a72a62ef388e9aacad9614c.jpg","http://i0.hdslb.com/bfs/archive/cc1d1a69bb6150b80540f3149e27cef85601e8b8.png","full"
"45","1600x2560","http://i0.hdslb.com/bfs/feed-admin/a043736ef2e714348204e7a17986493bce14c35c.jpg","http://i0.hdslb.com/bfs/archive/1b1a8a4fc78a3b1b2992402ebdc19808b9d251ed.png","full"
"46","1600x2560","http://i0.hdslb.com/bfs/feed-admin/0bafbe6396babb98a671819885e3d2740df31a06.jpg","http://i0.hdslb.com/bfs/archive/1b1a8a4fc78a3b1b2992402ebdc19808b9d251ed.png","full"
"10","1600x2560","http://i0.hdslb.com/bfs/archive/e2d2f57e08b511d1a47203859f7bddb4ef9d4e16.png","http://i0.hdslb.com/bfs/archive/cc1d1a69bb6150b80540f3149e27cef85601e8b8.png","half"
"14","1600x2560","http://i0.hdslb.com/bfs/archive/1d40e975b09d5c87b11b3ae0c9ce6c6b82f63d9e.png","http://i0.hdslb.com/bfs/archive/cc1d1a69bb6150b80540f3149e27cef85601e8b8.png","half"
"31","1600x2560","http://i0.hdslb.com/bfs/feed-admin/a0711772e1ba30cab22d41dd221e6b98b5a800b5.jpg","http://i0.hdslb.com/bfs/archive/1b1a8a4fc78a3b1b2992402ebdc19808b9d251ed.png","full"
"33","1600x2560","http://i0.hdslb.com/bfs/feed-admin/6f49571cf1d8f2aba498bd77c10d50bfc0506e5b.jpg","http://i0.hdslb.com/bfs/archive/1b1a8a4fc78a3b1b2992402ebdc19808b9d251ed.png","full"
"43","1600x2560","http://i0.hdslb.com/bfs/feed-admin/2df65ff751e0b378f576e6747d6ec87c44c45396.png","http://i0.hdslb.com/bfs/archive/1b1a8a4fc78a3b1b2992402ebdc19808b9d251ed.png","full"
"41","1600x2560","http://i0.hdslb.com/bfs/feed-admin/0a4c47b56ad675570d33a064a4743bc471f1ef28.jpg","http://i0.hdslb.com/bfs/archive/1b1a8a4fc78a3b1b2992402ebdc19808b9d251ed.png","full"
"44","1600x2560","http://i0.hdslb.com/bfs/feed-admin/3d4c8a1a678393dda93b49b960f872d58a1d9e4f.png","http://i0.hdslb.com/bfs/archive/1b1a8a4fc78a3b1b2992402ebdc19808b9d251ed.png","full"
"47","1600x2560","http://i0.hdslb.com/bfs/feed-admin/6aee93a41aaa8d6f3f97dab163716acbfe1a9914.jpg","http://i0.hdslb.com/bfs/archive/cc1d1a69bb6150b80540f3149e27cef85601e8b8.png","full"
"15","2732x2048","http://i0.hdslb.com/bfs/archive/351c02ba3f75f5eaa107c68ddf2222d74521773a.png","http://i0.hdslb.com/bfs/archive/cc1d1a69bb6150b80540f3149e27cef85601e8b8.png","half"
"36","2732x2048","http://i0.hdslb.com/bfs/feed-admin/48f5b41fbde5191e3574622f43aa70625aa8b608.png","http://i0.hdslb.com/bfs/archive/cc1d1a69bb6150b80540f3149e27cef85601e8b8.png","half"
"45","2732x2048","http://i0.hdslb.com/bfs/feed-admin/d8598a57bfc2c1ece8a6d8da824b8968aa048676.jpg","http://i0.hdslb.com/bfs/archive/1b1a8a4fc78a3b1b2992402ebdc19808b9d251ed.png","full"
"46","2732x2048","http://i0.hdslb.com/bfs/feed-admin/1fca21657fd7f725cdb92cdb8b6f81c23fdc2b72.jpg","http://i0.hdslb.com/bfs/archive/1b1a8a4fc78a3b1b2992402ebdc19808b9d251ed.png","full"
"47","2732x2048","http://i0.hdslb.com/bfs/feed-admin/a255e253171c4962db7a10e76da90ee3b8d72f16.jpg","http://i0.hdslb.com/bfs/archive/cc1d1a69bb6150b80540f3149e27cef85601e8b8.png","full"
"13","2732x2048","http://i0.hdslb.com/bfs/archive/3007728d674a385306ba0b07055103a78b9eed62.png","http://i0.hdslb.com/bfs/archive/cc1d1a69bb6150b80540f3149e27cef85601e8b8.png","half"
"31","2732x2048","http://i0.hdslb.com/bfs/feed-admin/6b86226bb0e63a452756512629e6784838b18626.jpg","http://i0.hdslb.com/bfs/archive/1b1a8a4fc78a3b1b2992402ebdc19808b9d251ed.png","full"
"33","2732x2048","http://i0.hdslb.com/bfs/feed-admin/09783b21e555dede32cfe845a7b7dd195efe4613.jpg","http://i0.hdslb.com/bfs/archive/1b1a8a4fc78a3b1b2992402ebdc19808b9d251ed.png","full"
"37","2732x2048","http://i0.hdslb.com/bfs/feed-admin/53345cd0bd88a1a1baf4b16c8a67f741e1f1461d.png","http://i0.hdslb.com/bfs/archive/cc1d1a69bb6150b80540f3149e27cef85601e8b8.png","half"
"44","2732x2048","http://i0.hdslb.com/bfs/feed-admin/9e8c843fd73a6b84cdc1453a3ddc9f8e023fbf59.png","http://i0.hdslb.com/bfs/archive/1b1a8a4fc78a3b1b2992402ebdc19808b9d251ed.png","full"
"10","2732x2048","http://i0.hdslb.com/bfs/archive/e2d2f57e08b511d1a47203859f7bddb4ef9d4e16.png","http://i0.hdslb.com/bfs/archive/cc1d1a69bb6150b80540f3149e27cef85601e8b8.png","half"
"38","2732x2048","http://i0.hdslb.com/bfs/feed-admin/dbd4bd4fbace369c8efa5b1a7ee5672b0820a027.jpg","http://i0.hdslb.com/bfs/archive/1b1a8a4fc78a3b1b2992402ebdc19808b9d251ed.png","full"
"41","2732x2048","http://i0.hdslb.com/bfs/feed-admin/12a91b8eae89e9d693c73f7db6b2e175c8ba4589.jpg","http://i0.hdslb.com/bfs/archive/1b1a8a4fc78a3b1b2992402ebdc19808b9d251ed.png","full"
"43","2732x2048","http://i0.hdslb.com/bfs/feed-admin/78bc724d1988e198bbb932b18400b36673378e41.png","http://i0.hdslb.com/bfs/archive/1b1a8a4fc78a3b1b2992402ebdc19808b9d251ed.png","full"
"32","2732x2048","http://i0.hdslb.com/bfs/feed-admin/98b599bf5fe6bdad607d1bda7f1772d7e140089c.jpg","http://i0.hdslb.com/bfs/archive/1b1a8a4fc78a3b1b2992402ebdc19808b9d251ed.png","full"
"34","2732x2048","http://i0.hdslb.com/bfs/feed-admin/d13b7550015dce8cedb6609cb5b4f6e1a64dcb84.jpg","http://i0.hdslb.com/bfs/archive/1b1a8a4fc78a3b1b2992402ebdc19808b9d251ed.png","full"
"35","2732x2048","http://i0.hdslb.com/bfs/feed-admin/ff2fde86d7d38502b195ec60dc4982764c75206a.jpg","http://i0.hdslb.com/bfs/archive/cc1d1a69bb6150b80540f3149e27cef85601e8b8.png","full"
"12","2732x2048","http://i0.hdslb.com/bfs/archive/574469a4a20f41ba4dc9ecd41d15f94eea875ed9.png","http://i0.hdslb.com/bfs/archive/cc1d1a69bb6150b80540f3149e27cef85601e8b8.png","half"
"14","2732x2048","http://i0.hdslb.com/bfs/archive/1d40e975b09d5c87b11b3ae0c9ce6c6b82f63d9e.png","http://i0.hdslb.com/bfs/archive/cc1d1a69bb6150b80540f3149e27cef85601e8b8.png","half"
"16","2732x2048","http://i0.hdslb.com/bfs/archive/3007728d674a385306ba0b07055103a78b9eed62.png","http://i0.hdslb.com/bfs/archive/cc1d1a69bb6150b80540f3149e27cef85601e8b8.png","half"
"17","2732x2048","http://i0.hdslb.com/bfs/archive/06543a163e2a4e0189b12e3025f9c1d69203ed6d.png","http://i0.hdslb.com/bfs/archive/cc1d1a69bb6150b80540f3149e27cef85601e8b8.png","half"
